(base) jiajin@b-10-27-86-47 traffic-generator % python traffic_gen.py -c WebSearch_distribution.txt -n 31 -l 0.7 -b 10G -t 1
# flow: 443
# pkts: 381053
# pkts/flow: 860.1647855530474

443 
29 49153 32 8888 19 0.005009478
12 49153 32 8889 15 0.005221254
22 49153 32 8890 1799 0.005573884
16 49153 32 8891 203 0.008308973
23 49153 32 8892 11 0.008988591
13 49153 32 8893 22 0.009353280
24 49153 32 8894 1615 0.009732054
9 49153 32 8895 426 0.015739482
11 49153 32 8896 32 0.015917044
21 49153 32 8897 2413 0.017808868
4 49153 32 8898 467 0.021520540
13 49154 32 8899 1646 0.024708329
15 49153 32 8900 6776 0.025772881
9 49154 32 8901 15 0.032184723
27 49153 32 8902 1758 0.033899639
30 49153 32 8903 33 0.034074848
23 49154 32 8904 3198 0.035362708
11 49154 32 8905 8 0.037671929
26 49153 32 8906 430 0.039447408
29 49154 32 8907 405 0.039695908
5 49153 32 8908 1245 0.041355233
9 49155 32 8909 351 0.042341975
3 49153 32 8910 4271 0.045479267
14 49153 32 8911 1035 0.046091549
30 49154 32 8912 19 0.048105481
27 49154 32 8913 7 0.051122602
27 49155 32 8914 41 0.053478926
13 49155 32 8915 13 0.055512477
28 49153 32 8916 2135 0.055630146
15 49154 32 8917 132 0.056518062
2 49153 32 8918 394 0.060780324
4 49154 32 8919 2671 0.062697259
23 49155 32 8920 13 0.064882989
29 49155 32 8921 48 0.068367970
3 49154 32 8922 19 0.071152397
23 49156 32 8923 37 0.082422841
30 49155 32 8924 523 0.085644625
4 49155 32 8925 6 0.086737296
27 49156 32 8926 46 0.087281743
10 49153 32 8927 10 0.088059372
19 49153 32 8928 17 0.091771654
7 49153 32 8929 49 0.092361073
6 49153 32 8930 4997 0.092629151
11 49155 32 8931 21 0.093083232
16 49154 32 8932 39 0.093465411
18 49153 32 8933 652 0.094166260
6 49154 32 8934 5257 0.096863583
8 49153 32 8935 114 0.098354345
25 49153 32 8936 12755 0.101197732
24 49154 32 8937 532 0.107438107
17 49153 32 8938 1044 0.107540019
23 49157 32 8939 28 0.109737451
29 49156 32 8940 53 0.113232267
28 49154 32 8941 1295 0.115685323
17 49154 32 8942 47 0.116150628
3 49155 32 8943 26 0.117099530
13 49156 32 8944 134 0.119847801
11 49156 32 8945 1207 0.120866742
12 49154 32 8946 5850 0.122577105
23 49158 32 8947 697 0.133066171
18 49154 32 8948 355 0.137679212
19 49154 32 8949 17 0.141759181
9 49156 32 8950 48 0.147086695
13 49157 32 8951 50 0.147220582
24 49155 32 8952 612 0.150170450
30 49156 32 8953 2299 0.150517332
15 49155 32 8954 13643 0.150826080
29 49157 32 8955 37 0.153070803
3 49156 32 8956 7 0.153290584
19 49155 32 8957 23 0.155840299
10 49154 32 8958 3 0.157596645
21 49154 32 8959 50 0.159351538
26 49154 32 8960 22 0.162047254
19 49156 32 8961 40 0.162098949
10 49155 32 8962 1269 0.162754470
6 49155 32 8963 10 0.163609270
6 49156 32 8964 24 0.166165259
23 49159 32 8965 7 0.166348389
10 49156 32 8966 74 0.166359646
25 49154 32 8967 15 0.166673741
27 49157 32 8968 56 0.168022966
15 49156 32 8969 17 0.170286890
9 49157 32 8970 50 0.170539328
2 49154 32 8971 7 0.171003747
25 49155 32 8972 1 0.172022335
15 49157 32 8973 1976 0.172549127
10 49157 32 8974 39 0.175334220
1 49153 32 8975 4 0.175540070
10 49158 32 8976 8 0.176826729
18 49155 32 8977 199 0.187303485
21 49155 32 8978 73 0.199406099
4 49156 32 8979 1300 0.200903433
3 49157 32 8980 7 0.201783979
1 49154 32 8981 9221 0.207673606
20 49153 32 8982 550 0.208426263
15 49158 32 8983 553 0.209290985
15 49159 32 8984 48 0.210928167
10 49159 32 8985 573 0.211297966
17 49155 32 8986 53 0.213768610
14 49154 32 8987 14 0.218173657
28 49155 32 8988 35 0.219814458
16 49155 32 8989 1 0.223072231
4 49157 32 8990 17727 0.223952120
29 49158 32 8991 557 0.224625330
9 49158 32 8992 13 0.224905572
15 49160 32 8993 2721 0.225331807
4 49158 32 8994 10 0.225507675
28 49156 32 8995 1183 0.225807513
30 49157 32 8996 17 0.228724915
15 49161 32 8997 91 0.236950231
2 49155 32 8998 9 0.240534829
6 49157 32 8999 39 0.241192598
17 49156 32 9000 5 0.250562517
27 49158 32 9001 33 0.253404985
11 49157 32 9002 1 0.255940865
19 49157 32 9003 2 0.256729158
4 49159 32 9004 16 0.261035563
12 49155 32 9005 12 0.264877512
2 49156 32 9006 26 0.266769003
6 49158 32 9007 4 0.268839183
17 49157 32 9008 47 0.271064147
1 49155 32 9009 416 0.271827033
10 49160 32 9010 2993 0.272338617
9 49159 32 9011 6 0.272411208
30 49158 32 9012 4 0.273133253
26 49155 32 9013 199 0.274094313
26 49156 32 9014 486 0.281526024
7 49154 32 9015 2 0.281801518
16 49156 32 9016 76 0.282264016
15 49162 32 9017 7 0.286904892
3 49158 32 9018 6 0.287668919
20 49154 32 9019 19 0.289651290
11 49158 32 9020 5058 0.295227135
18 49156 32 9021 617 0.295478840
14 49155 32 9022 3 0.299625452
29 49159 32 9023 48 0.299891494
18 49157 32 9024 278 0.301676160
20 49155 32 9025 5 0.304581113
18 49158 32 9026 18 0.304782706
19 49158 32 9027 32 0.306382413
12 49156 32 9028 43 0.311460653
9 49160 32 9029 328 0.316176299
20 49156 32 9030 3180 0.318582427
21 49156 32 9031 1191 0.318796174
19 49159 32 9032 3 0.318973626
9 49161 32 9033 7 0.319981753
10 49161 32 9034 2 0.321687613
24 49156 32 9035 31 0.324007462
9 49162 32 9036 4 0.324583534
29 49160 32 9037 4640 0.325361033
3 49159 32 9038 762 0.325762948
21 49157 32 9039 54 0.328521073
9 49163 32 9040 1723 0.331232336
20 49157 32 9041 2214 0.332661326
20 49158 32 9042 7 0.333550729
11 49159 32 9043 45 0.335617455
3 49160 32 9044 17 0.338264091
10 49162 32 9045 49 0.339612010
1 49156 32 9046 10 0.344860714
30 49159 32 9047 33 0.347006073
20 49159 32 9048 1 0.347249017
27 49159 32 9049 210 0.348366723
25 49156 32 9050 583 0.353634726
24 49157 32 9051 3285 0.357819416
2 49157 32 9052 3 0.361531831
8 49154 32 9053 1778 0.363616064
25 49157 32 9054 37 0.364929695
25 49158 32 9055 44 0.366522100
1 49157 32 9056 2 0.366607898
24 49158 32 9057 3236 0.371149041
11 49160 32 9058 82 0.372967770
1 49158 32 9059 27 0.373385145
24 49159 32 9060 2 0.374736460
24 49160 32 9061 6495 0.375803242
6 49159 32 9062 4096 0.376308719
10 49163 32 9063 1989 0.380927524
29 49161 32 9064 14 0.383319433
13 49158 32 9065 4 0.384003949
20 49160 32 9066 30 0.384271011
17 49158 32 9067 10 0.386358012
9 49164 32 9068 725 0.389113067
30 49160 32 9069 19 0.390525835
26 49157 32 9070 6 0.392567384
15 49163 32 9071 300 0.393426938
17 49159 32 9072 7 0.398561867
8 49155 32 9073 5 0.399820049
8 49156 32 9074 24 0.403159487
18 49159 32 9075 17 0.407223448
3 49161 32 9076 786 0.407804396
11 49161 32 9077 5524 0.410149205
13 49159 32 9078 53 0.412546732
11 49162 32 9079 1189 0.417871153
11 49163 32 9080 5404 0.419372402
27 49160 32 9081 19 0.424197205
25 49159 32 9082 11 0.425338816
15 49164 32 9083 172 0.426659419
8 49157 32 9084 1680 0.428014678
19 49160 32 9085 15 0.434382921
12 49157 32 9086 269 0.443251321
29 49162 32 9087 45 0.446356679
6 49160 32 9088 61 0.448480824
10 49164 32 9089 29 0.450625078
16 49157 32 9090 72 0.454729327
29 49163 32 9091 18 0.455816345
25 49160 32 9092 19 0.460429420
28 49157 32 9093 4468 0.461977682
27 49161 32 9094 15 0.463720007
8 49158 32 9095 36 0.464616494
9 49165 32 9096 3 0.469890399
28 49158 32 9097 1740 0.472240472
30 49161 32 9098 5 0.474199611
21 49158 32 9099 2548 0.475400781
18 49160 32 9100 3 0.477553870
13 49160 32 9101 20 0.479860387
4 49160 32 9102 1698 0.480980028
29 49164 32 9103 3 0.481361053
3 49162 32 9104 631 0.482367574
4 49161 32 9105 1 0.487921227
2 49158 32 9106 31 0.488101849
12 49158 32 9107 1 0.492009901
6 49161 32 9108 32 0.492436698
2 49159 32 9109 1191 0.495760157
14 49156 32 9110 45 0.496392267
8 49159 32 9111 4653 0.503349295
26 49158 32 9112 123 0.506326841
12 49159 32 9113 99 0.507019108
2 49160 32 9114 50 0.508267814
16 49158 32 9115 17 0.510223137
23 49160 32 9116 15 0.511161015
14 49157 32 9117 3 0.513069428
5 49154 32 9118 130 0.514197601
9 49166 32 9119 54 0.515248344
3 49163 32 9120 430 0.521394893
26 49159 32 9121 3078 0.522425854
11 49164 32 9122 116 0.522971187
30 49162 32 9123 2451 0.526037257
25 49161 32 9124 1331 0.526106585
30 49163 32 9125 124 0.536409597
14 49158 32 9126 1 0.543351253
30 49164 32 9127 56 0.547172932
22 49154 32 9128 51 0.547730294
22 49155 32 9129 38 0.548204585
16 49159 32 9130 75 0.552355344
9 49167 32 9131 1697 0.554336738
4 49162 32 9132 29 0.554972958
1 49159 32 9133 20 0.560329632
1 49160 32 9134 82 0.565239059
13 49161 32 9135 5248 0.565461478
25 49162 32 9136 117 0.566067105
8 49160 32 9137 114 0.567408488
25 49163 32 9138 1 0.567674957
22 49156 32 9139 12 0.570223324
11 49165 32 9140 267 0.572961221
28 49159 32 9141 2794 0.573599147
8 49161 32 9142 834 0.574838046
11 49166 32 9143 35 0.580464046
29 49165 32 9144 1145 0.582246610
26 49160 32 9145 7 0.582427770
8 49162 32 9146 976 0.591684161
4 49163 32 9147 26 0.592961432
9 49168 32 9148 6 0.603519252
1 49161 32 9149 8 0.604962955
6 49162 32 9150 16 0.608247042
24 49161 32 9151 22 0.611733667
3 49164 32 9152 4 0.613840233
1 49162 32 9153 823 0.615802110
19 49161 32 9154 15 0.616976163
14 49159 32 9155 30 0.619179048
7 49155 32 9156 2467 0.627978753
16 49160 32 9157 32 0.630883726
22 49157 32 9158 2 0.630931641
26 49161 32 9159 3 0.635239782
18 49161 32 9160 6 0.636671972
23 49161 32 9161 1 0.637492633
10 49165 32 9162 3 0.637693197
15 49165 32 9163 726 0.639862215
22 49158 32 9164 2095 0.643490290
22 49159 32 9165 24 0.645054237
14 49160 32 9166 10429 0.645281086
18 49162 32 9167 129 0.655107005
10 49166 32 9168 4131 0.655415744
9 49169 32 9169 625 0.658940330
24 49162 32 9170 38 0.661855889
7 49156 32 9171 46 0.661982637
27 49162 32 9172 5 0.663529515
16 49161 32 9173 5 0.664075689
25 49164 32 9174 6 0.664153136
13 49162 32 9175 3683 0.664413834
30 49165 32 9176 2271 0.666498339
4 49164 32 9177 1280 0.666666014
5 49155 32 9178 22 0.669166037
30 49166 32 9179 25 0.669258474
24 49163 32 9180 104 0.669850264
29 49166 32 9181 165 0.670586807
24 49164 32 9182 677 0.671077825
11 49167 32 9183 3 0.674375362
19 49162 32 9184 235 0.675716062
11 49168 32 9185 340 0.677820353
22 49160 32 9186 1520 0.678064406
2 49161 32 9187 73 0.680619110
23 49162 32 9188 1269 0.680622303
15 49166 32 9189 29 0.681405211
20 49161 32 9190 6 0.681540875
9 49170 32 9191 922 0.682587088
6 49163 32 9192 559 0.682867814
24 49165 32 9193 579 0.683344426
30 49167 32 9194 107 0.683839797
1 49163 32 9195 2 0.684776433
22 49161 32 9196 5 0.688033092
4 49165 32 9197 2357 0.694057506
12 49160 32 9198 2946 0.695669929
24 49166 32 9199 1 0.696136632
3 49165 32 9200 25 0.696266820
30 49168 32 9201 20 0.698849253
28 49160 32 9202 4 0.700294034
2 49162 32 9203 3048 0.703093274
6 49164 32 9204 1000 0.703378330
20 49162 32 9205 7 0.704114789
9 49171 32 9206 573 0.704356470
29 49167 32 9207 2342 0.705158495
15 49167 32 9208 405 0.706268012
23 49163 32 9209 2965 0.708607740
7 49157 32 9210 43 0.709369483
30 49169 32 9211 200 0.709869596
26 49162 32 9212 86 0.710732983
24 49167 32 9213 4271 0.710961011
12 49161 32 9214 47 0.713254029
2 49163 32 9215 20 0.716419690
26 49163 32 9216 616 0.717111838
26 49164 32 9217 41 0.717509028
25 49165 32 9218 44 0.719776220
24 49168 32 9219 31 0.722008804
30 49170 32 9220 40 0.722546204
14 49161 32 9221 413 0.729111822
20 49163 32 9222 5 0.732407690
10 49167 32 9223 39 0.734017332
29 49168 32 9224 17 0.738791838
24 49169 32 9225 7 0.744929850
9 49172 32 9226 38 0.746742818
12 49162 32 9227 52 0.747055423
3 49166 32 9228 782 0.750001333
27 49163 32 9229 125 0.751078029
25 49166 32 9230 1228 0.752383318
2 49164 32 9231 4 0.752706863
23 49164 32 9232 88 0.753882347
8 49163 32 9233 2 0.755253527
25 49167 32 9234 4 0.759250249
22 49162 32 9235 21 0.764681232
15 49168 32 9236 659 0.765391723
23 49165 32 9237 24 0.767440696
6 49165 32 9238 16 0.767628753
22 49163 32 9239 52 0.769786917
21 49159 32 9240 6 0.770136642
28 49161 32 9241 45 0.781360551
6 49166 32 9242 367 0.781423509
19 49163 32 9243 1577 0.784827079
3 49167 32 9244 36 0.784926081
17 49160 32 9245 106 0.790827935
30 49171 32 9246 34 0.792492346
21 49160 32 9247 7 0.792707592
9 49173 32 9248 5 0.794817296
30 49172 32 9249 48 0.795296462
29 49169 32 9250 41 0.799222493
20 49164 32 9251 28 0.799490723
23 49166 32 9252 23 0.799708106
20 49165 32 9253 1260 0.801923610
20 49166 32 9254 45 0.802485774
18 49163 32 9255 22 0.802814304
8 49164 32 9256 25 0.804896554
5 49156 32 9257 1 0.805400212
21 49161 32 9258 18282 0.822076582
7 49158 32 9259 102 0.823043829
15 49169 32 9260 51 0.824641096
7 49159 32 9261 4135 0.825489737
27 49164 32 9262 1534 0.826865097
7 49160 32 9263 1817 0.831908596
16 49162 32 9264 24 0.832656003
22 49164 32 9265 1359 0.833411555
22 49165 32 9266 45 0.833934677
7 49161 32 9267 27 0.837209536
25 49168 32 9268 5 0.837271486
4 49166 32 9269 21 0.837833272
30 49173 32 9270 10 0.840925279
17 49161 32 9271 9 0.841499368
12 49163 32 9272 3971 0.845220244
16 49163 32 9273 1799 0.847138024
17 49162 32 9274 1 0.847540441
25 49169 32 9275 32 0.847970121
16 49164 32 9276 40 0.848604247
14 49162 32 9277 1376 0.850859385
29 49170 32 9278 19 0.852292325
8 49165 32 9279 11 0.852458660
22 49166 32 9280 24 0.855130052
12 49164 32 9281 20 0.859126503
29 49171 32 9282 14 0.859709840
5 49157 32 9283 1 0.860610093
18 49164 32 9284 51 0.861615250
14 49163 32 9285 2242 0.861817515
20 49167 32 9286 733 0.863234575
8 49166 32 9287 4586 0.866151264
24 49170 32 9288 21 0.866243623
25 49170 32 9289 84 0.868707133
26 49165 32 9290 11 0.872785895
20 49168 32 9291 22 0.873404892
18 49165 32 9292 38 0.874065425
15 49170 32 9293 51 0.874211390
8 49167 32 9294 56 0.875467785
10 49168 32 9295 201 0.882643496
15 49171 32 9296 468 0.888581344
23 49167 32 9297 9 0.890184470
6 49167 32 9298 2185 0.891353218
11 49169 32 9299 201 0.898541742
24 49171 32 9300 25 0.899323768
21 49162 32 9301 30 0.902409023
28 49162 32 9302 18 0.904251206
28 49163 32 9303 3 0.906073304
6 49168 32 9304 17 0.912931566
24 49172 32 9305 53 0.915318817
25 49171 32 9306 869 0.918224618
28 49164 32 9307 6006 0.918249820
7 49162 32 9308 3266 0.921930284
19 49164 32 9309 33 0.922779340
7 49163 32 9310 23 0.923704185
24 49173 32 9311 62 0.928765192
12 49165 32 9312 53 0.932685325
23 49168 32 9313 3128 0.932885828
8 49168 32 9314 2283 0.942098169
30 49174 32 9315 6 0.944471858
12 49166 32 9316 165 0.945359028
8 49169 32 9317 93 0.947729151
6 49169 32 9318 2404 0.947759535
14 49164 32 9319 9612 0.949663986
7 49164 32 9320 80 0.950248969
7 49165 32 9321 1002 0.954678372
15 49172 32 9322 982 0.957884545
29 49172 32 9323 1726 0.958287234
15 49173 32 9324 2593 0.958940496
15 49174 32 9325 2797 0.960401791
5 49158 32 9326 710 0.960585356
15 49175 32 9327 17 0.965420873
7 49166 32 9328 24 0.967528367
12 49167 32 9329 6519 0.972126187
20 49169 32 9330 2 0.985875767
