jiajin@b-10-27-85-80 traffic-generator % python traffic_gen.py -c WebSearch_distribution.txt -n 256 -l 0.3 -b 10G -t 2
# flow: 234
# pkts: 223835
# pkts/flow: 956.5598290598291

234 
119 49153 52 8888 42 0.002584398
45 49153 42 8888 94 0.013373343
48 49153 25 8888 49 0.014380478
250 49153 244 8888 2716 0.030884733
74 49153 98 8888 1713 0.032895232
123 49153 239 8888 16 0.036705920
217 49153 174 8888 186 0.045711483
157 49153 34 8888 99 0.058687941
249 49153 241 8888 10 0.065595005
244 49153 136 8888 26 0.068877478
208 49153 149 8888 846 0.075249013
196 49153 105 8888 408 0.091423015
25 49153 11 8888 6581 0.093932861
202 49153 244 8889 5 0.104478781
199 49153 154 8888 26 0.107727974
62 49153 160 8888 11449 0.111165012
46 49153 226 8888 2660 0.116138802
23 49153 196 8888 73 0.123417472
110 49153 232 8888 5 0.130361373
42 49153 57 8888 476 0.131349845
125 49153 45 8888 19 0.135473024
192 49153 57 8889 807 0.147150670
55 49153 148 8888 250 0.162206018
214 49153 197 8888 14 0.166325626
153 49153 52 8889 15 0.169078821
255 49153 20 8888 33 0.169951336
116 49153 47 8888 44 0.172543687
78 49153 86 8888 1145 0.175981895
135 49153 62 8888 1204 0.181207514
69 49153 41 8888 5 0.184770132
77 49153 160 8889 7 0.184844223
21 49153 62 8889 21 0.189451267
202 49154 55 8888 73 0.189901987
128 49153 230 8888 2178 0.197448761
77 49154 50 8888 5 0.197576378
12 49153 153 8888 127 0.209367372
37 49153 256 8888 9 0.217770884
185 49153 153 8889 23 0.219142240
82 49153 190 8888 1877 0.222369494
21 49154 56 8888 9 0.233829493
245 49153 170 8888 9 0.239706508
36 49153 130 8888 53 0.241086498
136 49153 216 8888 387 0.245192137
95 49153 228 8888 41 0.256312727
127 49153 47 8889 5 0.258999799
52 49153 56 8889 1 0.265425466
227 49153 140 8888 208 0.277998816
250 49154 118 8888 79 0.285631739
55 49154 15 8888 12896 0.286524831
214 49154 57 8890 4540 0.290145479
200 49153 95 8888 19 0.301431539
230 49153 112 8888 1230 0.311981880
78 49154 57 8891 1274 0.314076463
199 49154 43 8888 130 0.317762049
24 49153 223 8888 793 0.326700229
31 49153 196 8889 999 0.340234962
188 49153 14 8888 5328 0.341628352
6 49153 132 8888 25 0.344350562
233 49153 160 8890 204 0.349430965
122 49153 26 8888 18 0.355363336
53 49153 44 8888 51 0.357643696
237 49153 27 8888 19 0.364254618
52 49154 146 8888 1686 0.367631100
205 49153 186 8888 29 0.381174879
71 49153 6 8888 75 0.382880785
85 49153 124 8888 44 0.394565291
106 49153 25 8889 2219 0.396705700
91 49153 110 8888 532 0.412941535
43 49153 144 8888 52 0.418946672
45 49154 201 8888 6 0.424792373
195 49153 118 8889 36 0.426658383
201 49153 54 8888 848 0.430090868
102 49153 76 8888 5989 0.473540183
159 49153 209 8888 17 0.497628172
254 49153 35 8888 5 0.498391685
37 49154 210 8888 7 0.501171444
163 49153 2 8888 2 0.503506510
91 49154 57 8892 5 0.510412765
197 49153 199 8888 196 0.518095148
31 49154 184 8888 9 0.543336180
99 49153 164 8888 118 0.549101024
104 49153 63 8888 33 0.552719056
139 49153 62 8890 2230 0.553021363
67 49153 27 8889 18 0.560752962
92 49153 175 8888 5373 0.595362711
26 49153 54 8889 885 0.598488973
212 49153 204 8888 28 0.603872283
18 49153 254 8888 1196 0.606987692
228 49153 225 8888 2 0.608752837
229 49153 118 8890 1162 0.626507439
32 49153 5 8888 13 0.626948029
208 49154 119 8888 78 0.627971805
197 49154 128 8888 25 0.628575414
86 49153 38 8888 16 0.630277512
164 49153 116 8888 10 0.632307153
60 49153 241 8889 636 0.633900196
152 49153 40 8888 12 0.635441558
44 49153 158 8888 864 0.640264128
19 49153 227 8888 22 0.642707435
199 49155 53 8888 25 0.643735462
32 49154 216 8889 18 0.653674018
100 49153 60 8888 2703 0.661531658
31 49155 210 8889 3386 0.694660016
180 49153 140 8889 40 0.696796712
166 49153 76 8889 5997 0.698683609
139 49154 160 8891 5933 0.705474016
146 49153 80 8888 1311 0.707628710
43 49154 2 8889 1021 0.707840005
201 49154 214 8888 97 0.713880125
31 49156 145 8888 1717 0.716498056
12 49154 108 8888 658 0.732122529
117 49153 155 8888 3851 0.743068543
103 49153 235 8888 448 0.761375338
196 49154 54 8890 49 0.763037126
32 49155 195 8888 950 0.768044980
186 49153 166 8888 5 0.769874021
164 49154 6 8889 528 0.777138055
243 49153 192 8888 102 0.780406159
70 49153 204 8889 1334 0.782707431
68 49153 254 8889 418 0.783340102
44 49154 237 8888 531 0.793387779
53 49154 26 8889 39 0.797693347
205 49154 37 8888 15 0.798922588
87 49153 229 8888 3 0.801384785
43 49155 19 8888 16562 0.804184657
147 49153 143 8888 2 0.804480730
210 49153 54 8891 4033 0.810920904
233 49154 50 8889 123 0.818429096
206 49153 177 8888 9 0.821620482
160 49153 125 8888 24 0.836238323
210 49154 232 8889 867 0.836355514
96 49153 235 8889 16 0.837343243
110 49154 214 8889 30 0.845546029
132 49153 73 8888 3 0.852888753
65 49153 3 8888 15 0.864997593
157 49154 26 8890 38 0.871710377
53 49155 147 8888 4 0.873947679
103 49154 91 8888 41 0.874903850
232 49153 176 8888 17 0.876711098
108 49153 112 8889 301 0.879714281
230 49154 59 8888 20 0.884896122
212 49154 70 8888 21 0.891079004
202 49155 66 8888 11 0.898028056
95 49154 209 8889 48 0.898144376
116 49154 87 8888 120 0.907106802
205 49155 179 8888 6 0.908537592
229 49154 243 8888 8 0.910790591
230 49155 122 8888 52 0.918154782
156 49153 18 8888 60 0.924552656
170 49153 102 8888 20 0.947410911
175 49153 66 8889 2209 0.952975886
110 49155 82 8888 51 0.954572161
234 49153 124 8889 30 0.956215868
200 49154 248 8888 4225 0.960915713
154 49153 55 8889 19 0.969961963
18 49154 208 8888 2621 0.984445063
163 49154 1 8888 661 0.984700180
136 49154 26 8891 2029 1.002935460
167 49153 225 8889 19 1.003218141
192 49154 32 8888 15 1.003243805
106 49154 176 8889 1056 1.041343428
39 49153 65 8888 194 1.043959796
3 49153 251 8888 12902 1.048427328
60 49154 17 8888 598 1.061437750
139 49155 212 8888 87 1.074506132
173 49153 28 8888 5304 1.074624006
170 49154 74 8888 5 1.075087831
215 49153 125 8889 6 1.097053908
248 49153 225 8890 48 1.110786313
168 49153 171 8888 5712 1.111294899
182 49153 219 8888 457 1.145449645
31 49157 12 8888 15 1.164654790
3 49154 213 8888 11 1.166651220
182 49154 229 8889 30 1.170830096
212 49155 95 8889 23 1.172567620
33 49153 129 8888 1113 1.180501797
212 49156 69 8888 66 1.204606952
250 49155 184 8889 574 1.215759461
195 49154 141 8888 6 1.216889443
85 49154 164 8889 490 1.217453298
36 49154 169 8888 1659 1.217534898
168 49154 243 8889 102 1.220608614
83 49153 213 8889 365 1.221175041
99 49154 154 8889 122 1.224867477
57 49153 167 8888 1946 1.283784622
103 49155 46 8888 3571 1.284469843
99 49155 71 8888 2602 1.292673892
195 49155 228 8889 45 1.300624333
177 49153 83 8888 1705 1.303731334
169 49153 122 8889 29 1.306055310
92 49154 137 8888 21 1.310982204
106 49155 143 8889 17 1.348510293
126 49153 27 8890 554 1.353367737
12 49155 113 8888 9 1.366919139
36 49155 175 8889 6 1.394441690
81 49153 58 8888 324 1.394703921
97 49153 200 8888 11 1.396879051
120 49153 183 8888 51 1.402533079
221 49153 217 8888 3 1.415703193
103 49156 236 8888 1913 1.421072835
175 49154 146 8889 540 1.432775505
135 49154 82 8889 2 1.436455971
132 49154 106 8888 13 1.437841388
37 49155 58 8889 45 1.439656523
31 49158 187 8888 795 1.443230390
179 49153 47 8890 33 1.475431843
135 49155 206 8888 5 1.475540586
56 49153 139 8888 20 1.487399330
196 49155 194 8888 12 1.488984135
160 49154 188 8888 17 1.494756743
210 49155 43 8889 17121 1.498573158
245 49154 256 8889 22 1.501990090
21 49155 38 8889 33 1.512321648
147 49154 182 8888 5 1.531287139
86 49154 65 8889 1 1.550544717
99 49156 102 8889 1910 1.551253023
31 49159 139 8889 1132 1.559096245
221 49154 172 8888 912 1.577262438
192 49155 173 8888 5 1.585733993
154 49154 113 8889 37 1.592290305
128 49154 233 8888 14 1.609830873
36 49156 85 8888 161 1.650762905
149 49153 157 8888 2242 1.667122190
149 49154 225 8891 6 1.683200257
91 49155 117 8888 35 1.694351379
217 49154 240 8888 37 1.702662875
249 49154 218 8888 37 1.712290984
145 49153 106 8889 28 1.717025295
184 49153 206 8889 102 1.733077067
210 49156 35 8889 89 1.754747690
141 49153 111 8888 19 1.766565516
245 49155 39 8888 928 1.801590224
56 49154 175 8890 16 1.813518245
173 49154 42 8889 68 1.857085052
