480 
8 49153 32 8888 22 0.004461272
30 49153 32 8889 4804 0.006466376
27 49153 32 8890 1188 0.008891904
9 49153 32 8891 149 0.009096076
1 49153 32 8892 36 0.009227552
6 49153 32 8893 1900 0.009887978
18 49153 32 8894 1062 0.011929760
30 49154 32 8895 8 0.014290251
21 49153 32 8896 4 0.016184563
19 49153 32 8897 19 0.016450557
29 49153 32 8898 32 0.016892826
12 49153 32 8899 380 0.017152422
4 49153 32 8900 17 0.021555029
12 49154 32 8901 17 0.023404285
13 49153 32 8902 60 0.025011135
17 49153 32 8903 15 0.029596736
23 49153 32 8904 9745 0.029994983
11 49153 32 8905 1 0.030540348
26 49153 32 8906 32 0.032293152
8 49154 32 8907 10958 0.035391060
12 49155 32 8908 5000 0.044191502
7 49153 32 8909 5 0.044608196
9 49154 32 8910 19 0.044751562
6 49154 32 8911 14 0.045085244
1 49154 32 8912 6 0.045921893
17 49154 32 8913 913 0.047303064
12 49156 32 8914 1327 0.050130385
18 49154 32 8915 16 0.051266921
5 49153 32 8916 924 0.053676492
2 49153 32 8917 1045 0.056161788
2 49154 32 8918 36 0.059856898
22 49153 32 8919 2423 0.060660908
18 49155 32 8920 24 0.063373894
16 49153 32 8921 7 0.065017591
2 49155 32 8922 50 0.065680705
1 49155 32 8923 493 0.068064700
13 49154 32 8924 7 0.069054066
17 49155 32 8925 132 0.070395370
3 49153 32 8926 40 0.072793157
29 49154 32 8927 52 0.073918595
12 49157 32 8928 30 0.074661327
15 49153 32 8929 1642 0.074912391
11 49154 32 8930 18327 0.077721832
1 49156 32 8931 4295 0.083287789
23 49154 32 8932 4 0.084043605
19 49154 32 8933 755 0.088133568
11 49155 32 8934 41 0.088343931
16 49154 32 8935 15 0.089927195
26 49154 32 8936 92 0.092129637
16 49155 32 8937 45 0.092356424
24 49153 32 8938 14 0.095462346
3 49154 32 8939 28 0.095525205
16 49156 32 8940 345 0.096490385
23 49155 32 8941 5 0.097807274
30 49155 32 8942 261 0.098166182
18 49156 32 8943 29 0.098905965
13 49155 32 8944 7 0.101485622
1 49157 32 8945 5 0.102136189
15 49154 32 8946 1058 0.103517243
9 49155 32 8947 24 0.104910520
15 49155 32 8948 70 0.105076979
26 49155 32 8949 27 0.109232311
23 49156 32 8950 7 0.111006075
10 49153 32 8951 16 0.115852267
8 49155 32 8952 16 0.118595659
14 49153 32 8953 33 0.119100350
15 49156 32 8954 53 0.122449814
12 49158 32 8955 512 0.123984055
4 49154 32 8956 35 0.124673669
9 49156 32 8957 31 0.132036180
3 49155 32 8958 10956 0.132404521
23 49157 32 8959 17 0.134402702
11 49156 32 8960 41 0.134763991
21 49154 32 8961 1 0.134898478
4 49155 32 8962 43 0.135213501
27 49154 32 8963 3951 0.136536274
13 49156 32 8964 19 0.138924979
4 49156 32 8965 610 0.140714692
18 49157 32 8966 75 0.142416080
16 49157 32 8967 35 0.143489920
27 49155 32 8968 12 0.144287491
9 49157 32 8969 29 0.147020783
15 49157 32 8970 11 0.149268201
12 49159 32 8971 1131 0.150681111
10 49154 32 8972 12847 0.151818327
2 49156 32 8973 1113 0.152699530
9 49158 32 8974 12 0.153001439
20 49153 32 8975 9 0.155121855
2 49157 32 8976 7 0.156567436
7 49154 32 8977 869 0.158850470
17 49156 32 8978 1243 0.163682007
22 49154 32 8979 6340 0.164383712
2 49158 32 8980 25 0.164518291
5 49154 32 8981 1223 0.165259703
24 49154 32 8982 112 0.165684993
6 49155 32 8983 4 0.165755803
20 49154 32 8984 11 0.171650842
2 49159 32 8985 2 0.172681020
6 49156 32 8986 693 0.173176193
23 49158 32 8987 15 0.174262022
30 49156 32 8988 16 0.174271068
4 49157 32 8989 1313 0.175786432
16 49158 32 8990 1427 0.176610401
16 49159 32 8991 1078 0.176634759
17 49157 32 8992 3 0.176822097
11 49157 32 8993 17 0.177048131
29 49155 32 8994 6 0.178120768
7 49155 32 8995 5236 0.182800897
4 49158 32 8996 3 0.182944994
29 49156 32 8997 5649 0.191033929
17 49158 32 8998 758 0.192288750
12 49160 32 8999 1100 0.193481490
7 49156 32 9000 29 0.197262397
20 49155 32 9001 536 0.198326560
8 49156 32 9002 3936 0.198360959
8 49157 32 9003 36 0.204380883
23 49159 32 9004 92 0.205081939
22 49155 32 9005 7052 0.206604494
25 49153 32 9006 4392 0.206719554
14 49154 32 9007 43 0.209195999
20 49156 32 9008 84 0.209849974
10 49155 32 9009 755 0.210787401
16 49160 32 9010 7 0.211097597
14 49155 32 9011 34 0.216180613
29 49157 32 9012 41 0.217522702
26 49156 32 9013 13 0.222545768
6 49157 32 9014 8 0.222985874
9 49159 32 9015 32 0.224150929
20 49157 32 9016 941 0.226343674
12 49161 32 9017 117 0.226596009
8 49158 32 9018 635 0.231228397
4 49159 32 9019 2 0.233088831
28 49153 32 9020 22 0.234847792
1 49158 32 9021 16 0.236019104
2 49160 32 9022 444 0.242409507
9 49160 32 9023 371 0.247652834
29 49158 32 9024 66 0.250861941
30 49157 32 9025 3 0.251987948
2 49161 32 9026 5 0.252408755
29 49159 32 9027 5732 0.255553787
19 49155 32 9028 15 0.256520491
11 49158 32 9029 3 0.256932051
3 49156 32 9030 5635 0.257437162
6 49158 32 9031 629 0.259248466
24 49155 32 9032 235 0.263412872
8 49159 32 9033 47 0.263796309
16 49161 32 9034 6 0.266131454
18 49158 32 9035 2 0.267829951
8 49160 32 9036 37 0.270595908
15 49158 32 9037 1709 0.270716932
21 49155 32 9038 2 0.271275738
7 49157 32 9039 20 0.273367106
4 49160 32 9040 2582 0.273858289
7 49158 32 9041 15 0.274475488
2 49162 32 9042 533 0.276176770
12 49162 32 9043 35 0.279086212
7 49159 32 9044 40 0.282021411
22 49156 32 9045 3124 0.287523886
24 49156 32 9046 5096 0.288612235
2 49163 32 9047 3 0.289696865
14 49156 32 9048 8 0.290681457
1 49159 32 9049 2257 0.291493208
1 49160 32 9050 3 0.291643615
6 49159 32 9051 15 0.291797245
1 49161 32 9052 73 0.292746030
15 49159 32 9053 21 0.293577753
29 49160 32 9054 3364 0.295296587
22 49157 32 9055 9 0.297194322
21 49156 32 9056 281 0.300262259
7 49160 32 9057 15 0.301075806
7 49161 32 9058 42 0.301651543
29 49161 32 9059 48 0.305600747
18 49159 32 9060 43 0.305617601
26 49157 32 9061 1 0.306407043
11 49159 32 9062 9 0.308822606
16 49162 32 9063 1180 0.309051587
11 49160 32 9064 21 0.309880687
29 49162 32 9065 21 0.312063399
23 49160 32 9066 28 0.315219216
11 49161 32 9067 29 0.315685758
21 49157 32 9068 18 0.317048479
7 49162 32 9069 1 0.319950444
27 49156 32 9070 156 0.325349828
8 49161 32 9071 3262 0.325849285
3 49157 32 9072 28 0.327004369
16 49163 32 9073 328 0.333358818
4 49161 32 9074 2581 0.334336649
10 49156 32 9075 21 0.335706506
18 49160 32 9076 8 0.339812140
15 49160 32 9077 5694 0.340335045
25 49154 32 9078 960 0.340422993
10 49157 32 9079 527 0.341405397
23 49161 32 9080 366 0.343012972
12 49163 32 9081 7 0.349358049
8 49162 32 9082 5 0.352369731
14 49157 32 9083 14 0.356027100
23 49162 32 9084 34 0.357694371
9 49161 32 9085 1262 0.362705944
19 49156 32 9086 35 0.367689194
28 49154 32 9087 6548 0.369173530
30 49158 32 9088 17 0.370437578
14 49158 32 9089 7 0.373445501
15 49161 32 9090 17 0.374143657
23 49163 32 9091 1 0.378731673
12 49164 32 9092 30 0.379461855
28 49155 32 9093 16 0.382389553
14 49159 32 9094 4348 0.384206988
6 49160 32 9095 44 0.396992267
16 49164 32 9096 3410 0.401298049
28 49156 32 9097 37 0.401375889
4 49162 32 9098 1 0.402125007
9 49162 32 9099 29 0.404927467
21 49158 32 9100 785 0.408205249
3 49158 32 9101 4769 0.408926911
1 49162 32 9102 27 0.413109761
26 49158 32 9103 3 0.414572197
12 49165 32 9104 4 0.415786878
9 49163 32 9105 10 0.416208381
22 49158 32 9106 4 0.422111137
28 49157 32 9107 32 0.422808667
20 49158 32 9108 18 0.422965757
25 49155 32 9109 14605 0.423420193
8 49163 32 9110 29 0.425875975
3 49159 32 9111 19 0.431249015
13 49157 32 9112 843 0.432377190
13 49158 32 9113 270 0.432957280
29 49163 32 9114 19 0.434619134
26 49159 32 9115 24 0.437814924
11 49162 32 9116 34 0.438187569
21 49159 32 9117 76 0.439554023
20 49159 32 9118 6 0.441879891
18 49161 32 9119 5720 0.442086370
25 49156 32 9120 17 0.448452702
16 49165 32 9121 1968 0.451178325
5 49155 32 9122 4 0.452094578
7 49163 32 9123 100 0.452490951
23 49164 32 9124 696 0.455942625
21 49160 32 9125 43 0.456151082
1 49163 32 9126 131 0.456360284
21 49161 32 9127 17 0.458781822
24 49157 32 9128 726 0.461472465
25 49157 32 9129 36 0.463006612
4 49163 32 9130 1085 0.463264402
24 49158 32 9131 20 0.463388468
14 49160 32 9132 8 0.468538798
2 49164 32 9133 14 0.468877414
14 49161 32 9134 940 0.469533441
20 49160 32 9135 35 0.471163299
13 49159 32 9136 110 0.471914383
7 49164 32 9137 17 0.472131218
26 49160 32 9138 52 0.474192671
13 49160 32 9139 19 0.475636498
18 49162 32 9140 4834 0.478686052
17 49159 32 9141 1198 0.479428427
18 49163 32 9142 11 0.481903417
28 49158 32 9143 115 0.483003016
26 49161 32 9144 2013 0.486088252
17 49160 32 9145 2677 0.487924802
9 49164 32 9146 78 0.488859827
27 49157 32 9147 17 0.489348539
30 49159 32 9148 39 0.491446769
15 49162 32 9149 1 0.493571710
3 49160 32 9150 1030 0.496093865
16 49166 32 9151 3134 0.496366472
7 49165 32 9152 19356 0.498458028
30 49160 32 9153 617 0.501618343
22 49159 32 9154 133 0.510968488
1 49164 32 9155 63 0.513572835
22 49160 32 9156 6 0.515044377
19 49157 32 9157 357 0.515924922
9 49165 32 9158 9 0.519326966
20 49161 32 9159 37 0.523154098
16 49167 32 9160 1282 0.525490389
29 49164 32 9161 11 0.528378316
19 49158 32 9162 21 0.529200026
28 49159 32 9163 878 0.529864285
15 49163 32 9164 39 0.530249711
25 49158 32 9165 42 0.531687637
15 49164 32 9166 28 0.531777660
8 49164 32 9167 1068 0.533186989
17 49161 32 9168 26 0.533929956
25 49159 32 9169 53 0.536526930
19 49159 32 9170 5334 0.541934577
15 49165 32 9171 1948 0.543240804
20 49162 32 9172 3033 0.543404872
2 49165 32 9173 27 0.544278238
10 49158 32 9174 18 0.544812549
21 49162 32 9175 1465 0.549967843
23 49165 32 9176 69 0.552305565
30 49161 32 9177 498 0.553024196
7 49166 32 9178 15839 0.553458312
22 49161 32 9179 877 0.554083258
23 49166 32 9180 15 0.554459656
28 49160 32 9181 43 0.554500806
30 49162 32 9182 10 0.555573981
20 49163 32 9183 2655 0.558265938
27 49158 32 9184 1233 0.559748007
15 49166 32 9185 24 0.559783906
23 49167 32 9186 7 0.563441530
11 49163 32 9187 821 0.564649738
26 49162 32 9188 2192 0.568067036
12 49166 32 9189 2944 0.574124941
17 49162 32 9190 5741 0.576832658
30 49163 32 9191 20 0.578898022
17 49163 32 9192 783 0.579621045
4 49164 32 9193 131 0.583239233
22 49162 32 9194 2215 0.588694824
21 49163 32 9195 6107 0.590011438
15 49167 32 9196 2 0.593850450
15 49168 32 9197 20 0.597764030
22 49163 32 9198 5032 0.599762292
6 49161 32 9199 543 0.601288401
7 49167 32 9200 16 0.601440574
16 49168 32 9201 4 0.601840924
13 49161 32 9202 361 0.602284748
6 49162 32 9203 4886 0.604018078
10 49159 32 9204 2 0.612486811
21 49164 32 9205 6529 0.614681686
13 49162 32 9206 1 0.614846936
27 49159 32 9207 2 0.616954999
30 49164 32 9208 364 0.619993743
5 49156 32 9209 7241 0.623883976
22 49164 32 9210 27 0.626881688
13 49163 32 9211 18 0.629872680
28 49161 32 9212 18 0.629945940
26 49163 32 9213 1323 0.630419027
12 49167 32 9214 35 0.630478676
14 49162 32 9215 3679 0.631170614
10 49160 32 9216 19 0.632016070
28 49162 32 9217 32 0.633652855
14 49163 32 9218 4 0.634052631
2 49166 32 9219 5244 0.634162682
23 49168 32 9220 32 0.637952801
14 49164 32 9221 1119 0.639731686
23 49169 32 9222 5 0.642817047
19 49160 32 9223 61 0.644226675
4 49165 32 9224 31 0.645595843
4 49166 32 9225 4588 0.649066086
17 49164 32 9226 3 0.649416913
21 49165 32 9227 16285 0.651043623
10 49161 32 9228 80 0.652764288
27 49160 32 9229 752 0.652851870
1 49165 32 9230 27 0.655634064
27 49161 32 9231 3050 0.655659177
29 49165 32 9232 67 0.657370777
5 49157 32 9233 24 0.659278200
4 49167 32 9234 6 0.659571026
8 49165 32 9235 37 0.662145888
8 49166 32 9236 127 0.662669557
23 49170 32 9237 255 0.662730013
27 49162 32 9238 2093 0.663422029
18 49164 32 9239 670 0.663839552
25 49160 32 9240 15 0.665264435
29 49166 32 9241 24 0.667845951
15 49169 32 9242 87 0.669329334
3 49161 32 9243 2 0.669434572
17 49165 32 9244 66 0.670737178
26 49164 32 9245 15 0.680507115
16 49169 32 9246 33 0.683252071
1 49166 32 9247 40 0.685138859
9 49166 32 9248 1250 0.690678970
2 49167 32 9249 13599 0.692255926
19 49161 32 9250 39 0.693981759
10 49162 32 9251 6 0.694246088
13 49164 32 9252 405 0.694429987
17 49166 32 9253 52 0.695714780
26 49165 32 9254 1012 0.699161331
12 49168 32 9255 29 0.700822243
13 49165 32 9256 3 0.704729560
25 49161 32 9257 7 0.709500457
29 49167 32 9258 10 0.710863366
5 49158 32 9259 2 0.711538122
4 49168 32 9260 69 0.711790069
10 49163 32 9261 181 0.713533946
30 49165 32 9262 6711 0.713744190
5 49159 32 9263 7989 0.714557627
28 49163 32 9264 34 0.715099758
24 49159 32 9265 404 0.717217184
17 49167 32 9266 42 0.722892941
17 49168 32 9267 1 0.723088481
2 49168 32 9268 20 0.725738458
8 49167 32 9269 146 0.728458139
16 49170 32 9270 44 0.729619509
24 49160 32 9271 48 0.730064746
8 49168 32 9272 15 0.734666213
3 49162 32 9273 1798 0.735039682
9 49167 32 9274 190 0.735227574
3 49163 32 9275 26 0.735979901
9 49168 32 9276 2 0.736647084
9 49169 32 9277 1262 0.746320252
1 49167 32 9278 65 0.751746091
2 49169 32 9279 2632 0.755229762
14 49165 32 9280 25 0.757491722
20 49164 32 9281 5900 0.758613879
9 49170 32 9282 22 0.759340421
9 49171 32 9283 6 0.761373235
19 49162 32 9284 49 0.762426169
13 49166 32 9285 20 0.763583339
19 49163 32 9286 24 0.768029346
29 49168 32 9287 29 0.772494044
12 49169 32 9288 296 0.775132080
12 49170 32 9289 70 0.776432119
22 49165 32 9290 989 0.777162976
8 49169 32 9291 597 0.781187833
14 49166 32 9292 859 0.784541305
21 49166 32 9293 35 0.787880389
22 49166 32 9294 1 0.792087676
9 49172 32 9295 27 0.797680153
26 49166 32 9296 1323 0.799060462
18 49165 32 9297 13 0.799386581
4 49169 32 9298 97 0.805085588
9 49173 32 9299 2 0.805234514
1 49168 32 9300 46 0.807883248
4 49170 32 9301 9800 0.808136287
14 49167 32 9302 3686 0.810664451
3 49164 32 9303 21 0.810811561
11 49164 32 9304 49 0.813804275
3 49165 32 9305 883 0.813846054
23 49171 32 9306 2 0.814536330
18 49166 32 9307 1029 0.816819248
17 49169 32 9308 40 0.817928164
8 49170 32 9309 1109 0.817975981
17 49170 32 9310 1903 0.820167109
15 49170 32 9311 6 0.823485660
8 49171 32 9312 43 0.823525931
13 49167 32 9313 3 0.826570257
9 49174 32 9314 39 0.828152663
1 49169 32 9315 1 0.831462538
3 49166 32 9316 505 0.834393706
20 49165 32 9317 2 0.834834368
15 49171 32 9318 357 0.835134535
23 49172 32 9319 5655 0.835589916
8 49172 32 9320 872 0.836142454
14 49168 32 9321 1407 0.838727746
18 49167 32 9322 41 0.842220103
17 49171 32 9323 72 0.843477845
29 49169 32 9324 48 0.845587741
6 49163 32 9325 606 0.845889382
25 49162 32 9326 17 0.847243478
8 49173 32 9327 2880 0.847729755
20 49166 32 9328 45 0.851477543
15 49172 32 9329 691 0.851981785
20 49167 32 9330 45 0.854029496
8 49174 32 9331 1839 0.854369150
10 49164 32 9332 7714 0.855943999
11 49165 32 9333 4 0.857631921
22 49167 32 9334 2104 0.860698459
12 49171 32 9335 734 0.865994687
12 49172 32 9336 21 0.867046111
9 49175 32 9337 7 0.873796797
9 49176 32 9338 4207 0.876129829
8 49175 32 9339 3 0.876967258
9 49177 32 9340 15006 0.880129754
7 49168 32 9341 2563 0.882161359
20 49168 32 9342 17 0.882646730
13 49168 32 9343 2972 0.887976887
12 49173 32 9344 5 0.888164179
26 49167 32 9345 799 0.894330323
9 49178 32 9346 60 0.894817886
7 49169 32 9347 4993 0.895753254
8 49176 32 9348 35 0.897415708
6 49164 32 9349 5041 0.897593324
5 49160 32 9350 20 0.904767575
29 49170 32 9351 18 0.906406771
12 49174 32 9352 33 0.906507325
8 49177 32 9353 94 0.908264973
5 49161 32 9354 2 0.913593658
9 49179 32 9355 4 0.931932700
5 49162 32 9356 934 0.932524777
5 49163 32 9357 107 0.933960349
7 49170 32 9358 13 0.939878940
3 49167 32 9359 18 0.943654851
3 49168 32 9360 47 0.948374489
7 49171 32 9361 43 0.949354991
15 49173 32 9362 1194 0.952120300
8 49178 32 9363 1842 0.959688669
4 49171 32 9364 3125 0.968413101
13 49169 32 9365 1286 0.974516573
8 49179 32 9366 183 0.985584950
21 49167 32 9367 47 0.989978443
