(jiajin) jiajin@Jiajins-MBP traffic-generator % python traffic_gen.py -c WebSearch_distribution.txt -n 256 -l 0.7 -b 10G -t 2
# flow: 809
# pkts: 967764
# pkts/flow: 1196.2472187886278

809 
47 49153 39 8888 2790 0.004035684
147 49153 166 8888 3579 0.004691004
248 49153 171 8888 2 0.005616154
20 49153 50 8888 38 0.010912735
76 49153 54 8888 7 0.011616715
223 49153 111 8888 18 0.013484391
119 49153 203 8888 285 0.015278471
8 49153 233 8888 86 0.016386523
14 49153 129 8888 22 0.018921926
214 49153 35 8888 17 0.020535040
146 49153 32 8888 12 0.022238603
58 49153 42 8888 10 0.023881440
145 49153 115 8888 44 0.024277378
8 49154 175 8888 17 0.024301792
227 49153 35 8889 6 0.025175605
231 49153 128 8888 52 0.027469005
250 49153 51 8888 30 0.030644766
22 49153 216 8888 887 0.030763712
51 49153 188 8888 1108 0.031018813
153 49153 88 8888 59 0.031335156
88 49153 156 8888 20 0.033746759
94 49153 11 8888 280 0.033782532
176 49153 41 8888 570 0.036221333
136 49153 165 8888 2324 0.041197322
245 49153 201 8888 12187 0.042177452
224 49153 153 8888 49 0.042785157
199 49153 184 8888 17980 0.043975276
115 49153 145 8888 4 0.046892009
214 49154 122 8888 2079 0.048044992
150 49153 19 8888 1261 0.051283926
143 49153 32 8889 40 0.053120107
248 49154 214 8888 2500 0.054937748
118 49153 77 8888 29 0.057999011
217 49153 251 8888 18 0.059339184
201 49153 153 8889 19234 0.060038295
247 49153 163 8888 5386 0.060807240
62 49153 102 8888 1161 0.063175992
79 49153 232 8888 278 0.070209626
91 49153 242 8888 3302 0.074110628
174 49153 1 8888 3 0.077214592
12 49153 71 8888 9 0.078984734
160 49153 114 8888 2952 0.086654850
7 49153 139 8888 4 0.089662604
219 49153 87 8888 32 0.094110841
91 49154 84 8888 2586 0.095677869
68 49153 139 8889 62 0.097421439
38 49153 32 8890 3115 0.100644964
33 49153 153 8890 2564 0.100817409
106 49153 74 8888 576 0.101588893
162 49153 24 8888 49 0.102564376
124 49153 186 8888 816 0.105416152
245 49154 201 8889 6 0.106569713
36 49153 184 8889 3 0.107350965
135 49153 20 8888 3 0.108541084
101 49153 194 8888 917 0.112786679
199 49154 153 8891 19 0.113787383
147 49154 200 8888 3811 0.114641084
226 49153 241 8888 29 0.115410959
47 49154 252 8888 40 0.115596250
248 49155 86 8888 1111 0.116047028
56 49153 251 8889 5295 0.116106327
124 49154 38 8888 38 0.121588306
196 49153 178 8888 2516 0.123197070
4 49153 74 8889 12 0.124541658
9 49153 59 8888 5439 0.125217330
62 49154 33 8888 32 0.132032130
97 49153 225 8888 14008 0.132323717
141 49153 252 8889 1147 0.132395670
253 49153 33 8889 16 0.134305735
117 49153 64 8888 459 0.134322258
74 49153 100 8888 36 0.135117123
155 49153 193 8888 5 0.135528868
60 49153 61 8888 22 0.137445485
240 49153 162 8888 1329 0.137996814
46 49153 152 8888 128 0.138477253
255 49153 76 8888 1 0.139306222
53 49153 235 8888 44 0.139902259
30 49153 127 8888 9957 0.140112954
166 49153 42 8889 46 0.143704371
219 49154 153 8892 41 0.144300190
129 49153 171 8889 4300 0.146075371
247 49154 206 8888 131 0.146895973
118 49154 247 8888 5369 0.150267107
132 49153 83 8888 391 0.150342459
231 49154 14 8888 4 0.156610046
41 49153 193 8889 2137 0.161526886
117 49154 219 8888 51 0.161888198
80 49153 245 8888 1 0.163208096
133 49153 153 8893 901 0.163979613
201 49154 178 8889 16 0.163999747
40 49153 48 8888 23 0.165099822
228 49153 82 8888 816 0.167300978
167 49153 253 8888 119 0.167671350
216 49153 51 8889 25 0.170493819
159 49153 30 8888 3 0.175105247
69 49153 202 8888 842 0.176340754
57 49153 216 8889 19 0.178835472
37 49153 36 8888 1750 0.179494690
207 49153 121 8888 11 0.182051917
152 49153 155 8888 18 0.184384147
237 49153 146 8888 41 0.185151677
147 49155 62 8888 45 0.186371313
193 49153 50 8889 105 0.186563412
194 49153 110 8888 32 0.186739760
150 49154 171 8890 1217 0.188456386
97 49154 182 8888 38 0.189131119
239 49153 158 8888 470 0.189519964
229 49153 66 8888 216 0.190731977
121 49153 36 8889 275 0.193861577
30 49154 194 8889 37 0.194106595
111 49153 196 8888 122 0.194791485
22 49154 46 8888 1122 0.195019793
246 49153 24 8889 40 0.203858714
12 49154 1 8889 1368 0.205799558
214 49155 101 8888 2958 0.208555004
97 49155 123 8888 22 0.209697919
42 49153 161 8888 2088 0.211987159
36 49154 205 8888 25 0.213095225
157 49153 244 8888 2586 0.221651317
112 49153 247 8889 3 0.223617883
195 49153 242 8889 33 0.224906873
167 49154 128 8889 14 0.225137671
95 49153 162 8889 6 0.225224332
148 49153 113 8888 126 0.226249643
128 49153 223 8888 38 0.226711447
253 49154 243 8888 25 0.230107100
89 49153 117 8888 3 0.234854944
179 49153 31 8888 560 0.235530399
105 49153 116 8888 1596 0.238731655
5 49153 184 8890 4 0.238852485
210 49153 219 8889 22 0.242547171
96 49153 12 8888 16 0.244751964
31 49153 80 8888 41 0.249554033
6 49153 55 8888 5 0.249920726
181 49153 89 8888 52 0.250756862
58 49154 143 8888 17 0.251754308
149 49153 192 8888 132 0.257337185
53 49154 164 8888 2 0.258089885
104 49153 20 8889 7 0.262941439
6 49154 137 8888 5401 0.265088662
98 49153 28 8888 197 0.265402940
63 49153 54 8889 13 0.267069581
227 49154 203 8889 1197 0.269117892
149 49154 109 8888 26 0.271641621
60 49154 11 8889 227 0.275507714
192 49153 95 8888 13959 0.276935919
167 49155 34 8888 23 0.277737905
25 49153 216 8890 292 0.278154479
51 49154 236 8888 1 0.279751159
186 49153 181 8888 3324 0.280854414
83 49153 225 8889 44 0.281895768
107 49153 242 8890 9 0.283344457
65 49153 80 8889 3163 0.283445295
56 49154 181 8889 72 0.290593808
46 49154 100 8889 144 0.291936936
148 49154 125 8888 2421 0.294370309
225 49153 211 8888 412 0.296122449
186 49154 114 8889 17 0.297045231
247 49155 13 8888 48 0.297475293
160 49154 158 8889 21 0.297476058
196 49154 21 8888 44 0.300879471
124 49155 155 8889 4739 0.306157059
226 49154 89 8889 13 0.307881766
233 49153 51 8890 1827 0.308139296
192 49154 201 8890 493 0.308244142
47 49155 217 8888 6 0.308924176
50 49153 218 8888 103 0.310624511
74 49154 183 8888 5 0.313387906
191 49153 186 8889 2880 0.316203993
61 49153 120 8888 36 0.316250694
83 49154 147 8888 161 0.319487665
245 49155 210 8888 619 0.326903831
129 49154 50 8890 48 0.327040918
24 49153 136 8888 53 0.328163869
103 49153 110 8889 1244 0.328491529
184 49153 111 8889 126 0.331263821
47 49156 191 8888 19 0.331575668
209 49153 125 8889 10 0.331906335
20 49154 37 8888 35 0.332456530
46 49155 134 8888 5508 0.334889426
14 49154 12 8889 36 0.335014196
106 49154 90 8888 48 0.341968143
37 49154 197 8888 2989 0.342214841
155 49154 139 8890 852 0.345073110
119 49154 165 8889 51 0.345402276
217 49154 176 8888 46 0.348582472
141 49154 104 8888 2813 0.355917496
211 49153 213 8888 4251 0.356967621
109 49153 206 8889 42 0.358374321
188 49153 190 8888 125 0.359152486
47 49157 86 8889 809 0.359852292
196 49155 206 8890 6 0.368985157
184 49154 172 8888 97 0.373553846
231 49155 225 8890 86 0.373834089
193 49154 85 8888 214 0.373915399
31 49154 52 8888 733 0.378239901
121 49154 201 8891 22 0.378739569
17 49153 55 8889 24 0.380710561
214 49156 72 8888 17 0.380775561
60 49155 157 8888 5290 0.382094301
254 49153 226 8888 1 0.387320935
59 49153 199 8888 52 0.387881322
70 49153 165 8890 40 0.389628581
21 49153 106 8888 14 0.391626934
124 49156 140 8888 11 0.391727626
170 49153 109 8889 46 0.393626476
111 49154 7 8888 1 0.395066918
199 49155 147 8889 19 0.397095659
256 49153 251 8890 1 0.399056646
148 49155 96 8888 5729 0.402382105
255 49154 167 8888 611 0.403632274
155 49155 26 8888 70 0.404467348
193 49155 175 8889 9 0.405741067
242 49153 218 8889 6 0.409200785
71 49153 179 8888 68 0.411510993
246 49154 48 8889 1531 0.412884178
244 49153 43 8888 861 0.413311397
9 49154 18 8888 1035 0.413800449
12 49155 106 8889 76 0.415908048
93 49153 255 8888 15 0.418028046
45 49153 121 8889 635 0.418452242
253 49155 23 8888 117 0.426941518
134 49153 87 8889 19 0.427236518
52 49153 7 8889 1839 0.428895680
182 49153 209 8888 843 0.432935489
177 49153 130 8888 82 0.432997100
153 49154 157 8889 1 0.434808737
31 49155 255 8889 24 0.435147966
225 49154 24 8890 55 0.437711289
50 49154 56 8888 2136 0.444019270
25 49154 237 8888 108 0.446776739
134 49154 244 8889 965 0.448360259
17 49154 49 8888 1869 0.450743979
161 49153 7 8890 11 0.451213457
106 49155 181 8890 3303 0.453515562
242 49154 130 8889 16 0.458204295
186 49155 235 8889 43 0.461805152
105 49154 9 8888 3964 0.464336940
48 49153 201 8892 15 0.464773833
254 49154 218 8890 1 0.465254952
80 49154 235 8890 43 0.469553198
171 49153 243 8889 31 0.470751893
97 49156 122 8889 1 0.473318432
1 49153 99 8888 52 0.473502535
98 49154 238 8888 1 0.473966608
198 49153 69 8888 5207 0.475888062
121 49155 170 8888 47 0.481762555
109 49154 98 8888 19 0.482371333
129 49155 136 8889 7 0.485031624
68 49154 51 8891 1 0.485949127
37 49155 168 8888 313 0.491358494
24 49154 41 8889 50 0.494843062
102 49153 24 8891 1121 0.495267557
173 49153 141 8888 8 0.495569328
161 49154 249 8888 31 0.497369181
31 49156 110 8890 815 0.497446758
68 49155 54 8890 160 0.500932422
80 49155 162 8890 1508 0.502511525
39 49153 90 8889 29 0.505050266
186 49156 153 8894 43 0.510277157
179 49154 93 8888 4 0.511234791
182 49154 160 8888 6 0.511943681
161 49155 136 8890 45 0.515103363
88 49154 226 8889 5629 0.516698708
167 49156 224 8888 1306 0.520332989
144 49153 220 8888 9 0.520537673
226 49155 242 8891 5 0.520790282
152 49154 79 8888 21 0.521671940
135 49154 131 8888 2344 0.523604044
53 49155 94 8888 6 0.523701750
93 49154 102 8889 1071 0.523868836
140 49153 193 8890 6 0.525898173
71 49154 83 8889 33 0.529300793
244 49154 173 8888 1 0.529982988
103 49154 61 8889 53 0.531704155
199 49156 62 8889 35 0.532748363
14 49155 62 8890 3987 0.533857811
54 49153 221 8888 30 0.544469521
82 49153 118 8888 48 0.545480646
98 49155 57 8888 1693 0.546648099
108 49153 192 8889 47 0.547012573
198 49154 118 8889 509 0.548232317
28 49153 197 8889 19 0.551128916
223 49154 175 8890 21 0.551877622
98 49156 207 8888 28 0.552780883
36 49155 177 8888 390 0.553273879
35 49153 215 8888 1444 0.554487840
70 49154 222 8888 3024 0.555328198
12 49156 45 8888 2528 0.556411870
167 49157 38 8889 506 0.559146595
245 49156 121 8890 383 0.565222885
167 49158 69 8889 32 0.566072539
131 49153 8 8888 1245 0.567536066
121 49156 184 8891 4284 0.570015612
82 49154 153 8895 3127 0.570206736
220 49153 108 8888 8 0.570776872
74 49155 250 8888 494 0.570932222
114 49153 69 8890 1968 0.571783882
123 49153 175 8891 5288 0.574228708
31 49157 131 8889 45 0.575124648
177 49154 191 8889 2320 0.579959106
70 49155 63 8888 6498 0.580325808
208 49153 61 8890 5 0.581052074
10 49153 138 8888 18 0.582053033
50 49155 112 8888 112 0.582668284
194 49154 30 8889 1844 0.584463593
100 49153 134 8889 4469 0.585014520
181 49154 127 8889 6 0.589218483
84 49153 210 8889 488 0.594147769
144 49154 164 8889 32 0.596518675
109 49155 10 8888 5311 0.598624274
70 49156 77 8889 3 0.600384175
176 49154 148 8888 1027 0.602619097
79 49154 224 8889 6 0.603463646
45 49154 193 8891 1 0.604891134
136 49154 153 8896 1715 0.605418190
64 49153 234 8888 14753 0.605540466
148 49156 109 8890 15 0.607723666
157 49154 38 8890 50 0.608094920
150 49155 83 8890 17410 0.609455309
62 49155 246 8888 20 0.615803214
236 49153 209 8889 19 0.621017023
193 49156 71 8889 94 0.621327914
160 49155 179 8889 23 0.623341042
118 49155 97 8888 14 0.623706447
11 49153 118 8890 28 0.623939274
8 49155 32 8891 96 0.628001362
176 49155 162 8891 22 0.636329834
188 49154 215 8889 4 0.637735365
81 49153 164 8890 1518 0.638992308
240 49154 187 8888 49 0.643510685
25 49155 30 8890 12 0.643743627
168 49153 150 8888 1901 0.645673233
79 49155 172 8889 4 0.645679537
36 49156 1 8890 881 0.647289049
111 49155 180 8888 104 0.647593046
12 49157 242 8892 1348 0.648186064
129 49156 49 8889 25 0.648706969
69 49154 253 8889 13 0.648815008
108 49154 66 8889 89 0.651658324
161 49156 15 8888 50 0.652589214
149 49155 20 8890 2 0.653325601
201 49155 8 8889 6 0.657950918
141 49155 209 8890 640 0.658719502
196 49156 124 8888 45 0.662127648
156 49153 177 8889 617 0.662357589
118 49156 8 8890 4 0.664328365
27 49153 140 8889 119 0.665652364
253 49156 221 8889 2228 0.670273058
13 49153 175 8892 68 0.674186365
156 49154 123 8889 282 0.675557015
111 49156 55 8890 719 0.679428653
111 49157 241 8889 52 0.679937994
97 49157 157 8890 41 0.680497432
113 49153 2 8888 15 0.685304824
12 49158 56 8889 35 0.686457988
181 49155 80 8890 3 0.686713415
32 49153 203 8890 44 0.687146707
228 49154 25 8888 137 0.699202490
212 49153 196 8889 1776 0.700260235
230 49153 186 8890 8980 0.701401193
184 49155 112 8889 16 0.702724502
243 49153 78 8888 4 0.703436331
86 49153 159 8888 995 0.707675383
234 49153 187 8889 6 0.710466519
95 49154 47 8888 3 0.713614914
133 49154 66 8890 3 0.717810843
12 49159 99 8889 6 0.718657250
159 49154 4 8888 16440 0.719772174
191 49154 6 8888 29 0.722741674
195 49154 207 8889 40 0.723385180
95 49155 132 8888 33 0.728218205
148 49157 219 8890 1 0.730630450
55 49153 168 8889 2607 0.730713509
235 49153 82 8889 14 0.731628490
88 49155 58 8888 15379 0.732400009
97 49158 170 8889 176 0.733089925
137 49153 123 8890 2 0.736665979
192 49155 115 8889 45 0.743919348
153 49155 165 8891 6 0.746475418
54 49154 37 8889 5 0.746695995
193 49157 201 8893 43 0.747136481
195 49155 205 8889 2250 0.750700246
137 49154 157 8891 107 0.753250539
27 49154 37 8890 494 0.753456398
53 49156 231 8888 588 0.754236902
70 49157 71 8890 115 0.755950281
184 49156 8 8891 131 0.766357985
172 49153 13 8889 11 0.766973227
212 49154 1 8891 53 0.767178201
82 49155 147 8890 16 0.770025755
85 49153 181 8891 44 0.770325733
92 49153 62 8891 5 0.770806301
91 49155 211 8889 4 0.772429009
91 49156 179 8890 4 0.774241091
187 49153 130 8890 8938 0.774837894
199 49157 205 8890 23 0.775265655
196 49157 176 8889 1 0.776239114
197 49153 5 8888 1158 0.782785802
137 49155 165 8892 16526 0.783506625
11 49154 165 8893 41 0.786123690
92 49154 126 8888 50 0.786735580
5 49154 141 8889 654 0.787472338
42 49154 177 8890 50 0.790891412
127 49153 12 8890 44 0.797620977
29 49153 164 8891 18226 0.798368023
185 49153 155 8890 68 0.802654407
22 49155 155 8891 5 0.806300196
239 49154 37 8891 788 0.807817683
38 49154 191 8890 29 0.814530783
8 49156 176 8890 46 0.814839227
169 49153 236 8889 2719 0.816458542
246 49155 163 8889 1 0.816550825
51 49155 72 8889 1113 0.819210057
248 49156 223 8889 7 0.824271497
33 49154 71 8891 30 0.825421321
53 49157 215 8890 341 0.830372553
13 49154 98 8889 1853 0.833215798
161 49157 36 8890 2066 0.833236739
50 49156 136 8891 38 0.835821922
63 49154 44 8888 3192 0.840385387
68 49156 86 8890 760 0.842693627
17 49155 225 8891 8 0.843261761
238 49153 252 8890 552 0.845398382
248 49157 202 8889 1188 0.845693418
124 49157 53 8888 6 0.847205394
122 49153 170 8890 46 0.847356349
106 49156 16 8888 3864 0.850142490
97 49159 205 8891 6 0.850734288
146 49154 128 8890 14 0.860532737
200 49153 193 8892 6 0.862995277
90 49153 103 8888 25 0.864001000
179 49155 190 8889 214 0.866556415
143 49154 193 8893 5 0.867081695
145 49154 231 8889 1 0.867291622
34 49153 118 8891 3415 0.869470716
194 49155 217 8889 3450 0.870860901
127 49154 147 8891 4 0.871077571
49 49153 209 8891 1975 0.873080527
220 49154 73 8888 296 0.876484906
193 49158 10 8889 18531 0.876942258
90 49154 56 8890 1111 0.880185346
187 49154 157 8892 6 0.882694041
125 49153 25 8889 14692 0.882890162
238 49154 43 8889 17 0.884470760
149 49156 236 8890 611 0.888896070
247 49156 102 8890 16 0.890400520
83 49155 252 8891 1907 0.894188247
37 49156 204 8888 24 0.894583045
168 49154 150 8889 430 0.903098159
201 49156 226 8890 1024 0.908321569
245 49157 30 8891 3 0.909034778
165 49153 188 8889 76 0.911398318
25 49156 50 8891 52 0.912582002
227 49155 153 8897 25 0.923765135
135 49155 29 8888 2620 0.927155581
92 49155 20 8891 2 0.929827033
2 49153 18 8889 15 0.932774346
210 49154 220 8889 566 0.936338783
212 49155 187 8890 465 0.936419179
199 49158 102 8891 20 0.937799090
127 49155 215 8891 43 0.944671652
170 49154 125 8890 3 0.945135304
256 49154 225 8892 268 0.946880686
52 49154 160 8889 53 0.950950281
109 49156 194 8890 127 0.951303450
126 49153 240 8888 5897 0.952347992
195 49156 92 8888 45 0.955416497
161 49158 222 8889 3954 0.958267225
50 49157 129 8889 47 0.959003675
149 49157 42 8890 123 0.960066230
140 49154 46 8889 2926 0.967582641
139 49153 132 8889 114 0.968346077
144 49155 239 8888 51 0.971608117
140 49155 31 8889 51 0.972628558
222 49153 208 8888 32 0.973247878
124 49158 193 8894 1752 0.974817724
58 49155 255 8890 302 0.974886317
193 49159 249 8889 18 0.977109090
134 49155 137 8889 17 0.980012861
249 49153 71 8892 2 0.981271113
84 49154 207 8890 19532 0.981310712
136 49155 109 8891 226 0.981717066
213 49153 75 8888 2032 0.982477644
10 49154 153 8898 14 0.984242321
72 49153 106 8890 24 0.986649862
94 49154 17 8888 48 0.988599388
207 49154 180 8889 28 0.991021394
245 49158 63 8889 4791 0.994772767
184 49157 166 8889 23 0.997352923
240 49155 167 8889 3090 0.998160829
147 49156 170 8891 49 1.000447949
242 49155 2 8889 143 1.001650534
250 49154 86 8891 19396 1.002584594
256 49155 79 8889 2912 1.003890485
157 49155 233 8889 6 1.004957850
238 49155 27 8888 15634 1.005403939
71 49155 122 8890 14 1.006522981
246 49156 61 8891 3031 1.008220708
238 49156 253 8890 1 1.008740703
178 49153 58 8889 36 1.015328216
207 49155 238 8889 238 1.017599319
105 49155 138 8889 9 1.018858377
225 49155 114 8890 87 1.019192028
243 49154 170 8892 16202 1.022025834
172 49154 251 8891 50 1.022643562
215 49153 175 8893 75 1.023755495
215 49154 13 8890 1 1.026424351
207 49156 244 8890 26 1.026886634
13 49155 171 8891 11 1.027572606
248 49158 82 8890 23 1.028800555
102 49154 159 8889 16 1.032127098
40 49154 116 8889 1336 1.035938914
6 49155 201 8894 1 1.037158518
174 49154 152 8889 866 1.037700338
112 49154 19 8889 5 1.037948406
246 49157 141 8890 20 1.038210844
173 49154 148 8889 52 1.039653882
184 49158 201 8895 1162 1.039941383
58 49156 205 8892 97 1.043160781
109 49157 181 8892 485 1.045532028
83 49156 149 8888 882 1.050954092
83 49157 7 8891 775 1.054510637
176 49156 10 8890 175 1.054756814
95 49156 47 8889 206 1.055276083
240 49156 41 8890 25 1.056112964
248 49159 226 8891 16 1.057189964
219 49155 41 8891 650 1.057322625
36 49157 230 8888 23 1.058638531
168 49155 178 8890 1 1.059462187
20 49155 52 8889 127 1.060586601
10 49155 162 8892 5313 1.061428817
187 49155 38 8891 28 1.061527255
240 49157 125 8891 83 1.061609872
108 49155 101 8889 23 1.066905851
194 49156 162 8893 6244 1.070274243
21 49154 35 8890 125 1.073858580
75 49153 141 8891 2 1.075682275
165 49154 194 8891 376 1.077640900
244 49155 128 8891 14 1.077785606
48 49154 32 8892 1093 1.079663465
174 49155 43 8890 1180 1.085243983
223 49155 30 8892 1544 1.086233157
238 49157 12 8891 5336 1.087763219
113 49154 96 8889 7 1.089529116
53 49158 125 8892 51 1.089780017
216 49154 88 8889 45 1.089868901
100 49154 223 8890 11 1.090811565
74 49156 89 8890 3028 1.091904328
127 49156 23 8889 15 1.093291289
141 49156 34 8889 9 1.093559161
100 49155 201 8896 6365 1.101365524
218 49153 239 8889 37 1.103373649
137 49156 187 8891 7 1.103407036
60 49156 104 8889 7 1.107328361
198 49155 146 8889 15 1.107447434
102 49155 124 8889 74 1.109071359
171 49154 184 8892 555 1.115629883
149 49158 208 8889 1557 1.118191615
162 49154 56 8891 1048 1.124226948
160 49156 216 8891 101 1.126102093
71 49156 171 8892 13 1.127486146
46 49156 53 8889 4723 1.127766856
244 49156 43 8891 4 1.130775409
215 49155 165 8894 5 1.134256363
92 49156 170 8893 17 1.136880022
58 49157 138 8890 1278 1.137364598
108 49156 213 8889 44 1.138494535
47 49158 242 8893 269 1.144579156
155 49156 61 8892 1235 1.145308521
133 49155 63 8890 71 1.145545527
77 49153 148 8890 58 1.146770299
24 49155 63 8891 1 1.149584269
218 49154 132 8890 40 1.152238585
168 49156 239 8890 3347 1.162221597
122 49154 195 8888 15 1.162254200
59 49154 187 8892 53 1.163080412
200 49154 103 8889 2 1.166640779
147 49157 12 8892 3325 1.172404227
196 49158 124 8890 671 1.180556933
46 49157 57 8889 12 1.181682320
55 49154 31 8890 121 1.181747653
68 49157 92 8889 13 1.184914765
139 49154 248 8888 42 1.186779422
151 49153 217 8890 54 1.188319632
45 49155 29 8889 26 1.188721558
13 49156 212 8888 3996 1.191420879
198 49156 64 8889 984 1.192699265
177 49155 254 8888 426 1.196342308
98 49157 112 8890 807 1.198552200
161 49159 169 8888 15 1.201590518
45 49156 101 8890 1 1.203192686
70 49158 47 8890 755 1.205536060
162 49155 128 8892 580 1.208828603
72 49154 28 8889 27 1.210267781
6 49156 100 8890 108 1.212653130
73 49153 225 8893 18 1.215069066
62 49156 250 8889 2 1.218469232
84 49155 31 8891 24 1.219955600
234 49154 38 8892 24 1.227350544
161 49160 104 8890 397 1.228916004
93 49155 96 8890 2011 1.230865516
21 49155 4 8889 65 1.231556811
244 49157 25 8890 693 1.232596535
47 49159 249 8890 21 1.233027638
84 49156 234 8889 4632 1.235751254
90 49155 192 8890 88 1.236086068
101 49154 203 8891 6 1.236733345
191 49155 7 8892 418 1.236915243
46 49158 20 8892 41 1.238819947
115 49154 70 8888 3255 1.239332463
78 49153 233 8890 32 1.240805860
70 49159 240 8889 380 1.242923543
249 49154 220 8890 2809 1.242938032
180 49153 56 8892 1958 1.243571573
174 49156 172 8890 12966 1.243734255
100 49156 171 8893 46 1.245598786
159 49155 33 8890 22 1.245844164
168 49157 6 8889 1207 1.248784341
60 49157 254 8889 77 1.250017894
122 49155 153 8899 918 1.252792266
45 49157 241 8890 17749 1.252825241
108 49157 222 8890 5816 1.253140840
5 49155 85 8889 2070 1.253233364
25 49157 81 8888 23 1.256875240
184 49159 199 8889 18 1.257658585
165 49155 146 8890 6 1.259092925
218 49155 91 8888 1151 1.261406384
112 49155 3 8888 2230 1.261620749
97 49160 151 8888 893 1.262956927
90 49156 32 8893 34 1.263775743
237 49154 174 8888 125 1.265329236
90 49157 114 8891 43 1.270054543
23 49153 134 8890 1977 1.272986556
47 49160 68 8888 20 1.274652408
216 49155 96 8891 26 1.274926399
126 49154 82 8891 29 1.276605114
63 49155 2 8890 478 1.278243909
194 49157 238 8890 18 1.278759293
162 49156 177 8891 7 1.282038716
80 49156 37 8892 4057 1.282661538
143 49155 101 8891 4405 1.289371936
182 49155 30 8893 24 1.290029133
91 49157 144 8888 19 1.295678194
34 49154 16 8889 540 1.295993029
101 49155 51 8892 41 1.296670956
198 49157 251 8892 7 1.297535757
11 49155 46 8890 45 1.299643032
115 49155 1 8892 5573 1.305952770
178 49154 254 8890 903 1.307515446
234 49155 85 8890 22 1.311231049
87 49153 175 8894 51 1.321419721
249 49155 65 8888 1543 1.323254128
131 49154 207 8891 37 1.324473461
153 49156 145 8889 133 1.324581036
27 49155 149 8889 914 1.327013549
192 49156 21 8889 1226 1.327059474
111 49158 201 8897 1892 1.328953265
67 49153 241 8891 6221 1.329169194
219 49156 130 8891 5745 1.329319100
56 49155 248 8889 525 1.332645547
256 49156 212 8889 713 1.335535460
36 49158 157 8893 48 1.336269239
236 49154 19 8890 17 1.336404206
78 49154 227 8888 8283 1.337040935
142 49153 132 8891 258 1.339559489
76 49154 5 8889 18 1.341306123
172 49155 178 8891 20 1.342155229
53 49159 15 8889 28 1.342782558
105 49156 112 8891 1724 1.343332932
81 49154 139 8891 89 1.346679167
155 49157 74 8890 5928 1.350751029
122 49156 77 8890 5 1.352230210
53 49160 75 8889 1188 1.356349161
5 49156 136 8892 36 1.362152953
192 49157 13 8891 17 1.362974691
122 49157 16 8890 37 1.362999824
10 49156 35 8891 5 1.363233072
223 49156 114 8892 93 1.364261134
185 49154 81 8889 41 1.367429074
220 49155 14 8889 21 1.368984875
139 49155 62 8892 20 1.370960866
21 49156 239 8891 3007 1.373602492
22 49156 243 8890 21 1.381578559
4 49154 235 8891 274 1.381669634
69 49155 170 8894 16 1.384168927
216 49156 200 8889 47 1.385276642
192 49158 190 8890 13 1.389305761
61 49154 126 8889 4255 1.391021239
206 49153 171 8894 31 1.391783859
56 49156 169 8889 5 1.394638035
192 49159 209 8892 55 1.404207883
84 49157 52 8890 3591 1.410632023
127 49157 194 8892 6 1.414453730
67 49154 168 8890 14 1.416837657
210 49155 83 8891 39 1.421221156
191 49156 179 8891 38 1.421578302
121 49157 167 8890 2957 1.423215318
196 49159 41 8892 83 1.423426204
254 49155 43 8892 3 1.424639941
73 49154 3 8889 1 1.427420422
139 49156 134 8891 6 1.428393817
145 49155 101 8892 4 1.430617045
53 49161 140 8890 17 1.432575491
35 49154 236 8891 136 1.473838680
162 49157 166 8890 152 1.475164793
97 49161 187 8893 792 1.476557628
25 49158 231 8890 6 1.477726401
183 49153 232 8889 90 1.479095350
18 49153 153 8900 36 1.479646560
20 49156 194 8893 1302 1.480233997
53 49162 213 8890 50 1.482470226
139 49157 163 8890 15 1.488823335
91 49158 62 8893 9419 1.491202497
235 49154 178 8892 26 1.503325402
67 49155 170 8895 6020 1.506223122
95 49157 55 8891 3 1.509413321
118 49157 142 8888 4 1.512366877
144 49156 139 8892 633 1.512838704
179 49156 137 8890 17 1.513752451
13 49157 43 8893 3 1.514677376
222 49154 214 8889 1 1.515710544
94 49155 71 8893 104 1.516100142
33 49155 149 8890 1 1.517857634
166 49154 136 8893 2125 1.519972242
58 49158 215 8892 2283 1.527816538
246 49158 146 8891 10 1.532202026
106 49157 93 8889 5 1.533617605
173 49155 195 8889 4607 1.537430368
207 49157 249 8891 2470 1.540972995
171 49155 114 8893 529 1.541766619
172 49156 204 8889 24 1.542214397
157 49156 192 8891 905 1.542750751
208 49154 235 8892 26 1.543114392
181 49156 59 8889 4745 1.547138183
31 49158 223 8891 603 1.549343580
166 49155 251 8893 876 1.549678600
53 49163 169 8890 494 1.564796176
161 49161 13 8892 17 1.565189968
50 49158 99 8890 159 1.568835399
216 49157 17 8889 6 1.568839781
92 49157 29 8890 3 1.569651889
19 49153 234 8890 1 1.569834893
155 49158 56 8893 35 1.573042508
124 49159 57 8890 544 1.573892815
69 49156 134 8892 374 1.574098085
95 49158 252 8892 368 1.578382348
105 49157 9 8889 27 1.579917145
196 49160 246 8889 12 1.581677032
18 49154 228 8888 698 1.592662117
23 49154 58 8890 23 1.598433151
67 49156 238 8891 33 1.599750807
102 49156 165 8895 16 1.612557997
35 49155 161 8889 6 1.616040031
59 49155 164 8892 13 1.616780774
82 49156 239 8892 853 1.617296842
129 49157 57 8891 24 1.618983114
48 49155 5 8890 828 1.628808585
69 49157 187 8894 1 1.632940254
106 49158 77 8891 1254 1.637425251
118 49158 191 8891 2 1.648847024
225 49156 38 8893 32 1.652000867
81 49155 82 8892 5 1.661198605
198 49158 242 8894 6000 1.667653047
145 49156 69 8891 11 1.668318452
183 49154 49 8890 209 1.674284608
41 49154 101 8893 41 1.674575824
222 49155 4 8890 5 1.679639629
219 49157 122 8891 6 1.680661614
185 49155 34 8890 5263 1.682040036
142 49154 49 8891 42 1.683916500
139 49158 10 8891 691 1.686623972
18 49155 94 8889 1378 1.690536469
222 49156 228 8889 6 1.692435819
227 49156 254 8891 9 1.693008826
111 49159 91 8889 11 1.699278412
239 49155 229 8888 1569 1.707274221
182 49156 179 8892 1273 1.708703840
113 49155 137 8891 108 1.711854265
71 49157 102 8892 122 1.717419428
31 49159 58 8891 15 1.723274117
127 49158 186 8891 12206 1.724552410
155 49159 227 8889 47 1.725515914
215 49156 26 8889 7225 1.729164197
41 49155 30 8894 666 1.733852398
253 49157 187 8895 6451 1.746071413
128 49154 220 8891 43 1.764838317
76 49155 233 8891 47 1.773996297
131 49155 88 8890 16 1.784353045
84 49158 47 8891 27 1.785832444
27 49156 206 8891 13 1.793813430
158 49153 9 8890 36 1.801511180
16 49153 76 8889 3 1.807009635
13 49158 92 8890 6 1.820563555
253 49158 1 8893 16 1.830049870
41 49156 196 8890 736 1.840060999
142 49155 95 8889 1 1.845972418
143 49156 133 8888 19457 1.855450855
249 49156 173 8889 94 1.859253387
81 49156 103 8890 1795 1.862926668
32 49154 175 8895 3289 1.862969717
245 49159 154 8888 34 1.872285525
131 49156 48 8890 1267 1.874720537
162 49158 154 8889 63 1.877206406
41 49157 243 8891 3533 1.878920009
128 49155 152 8890 774 1.924489268
122 49158 181 8893 48 1.928072752
58 49159 239 8893 230 1.952090158
42 49155 10 8892 883 1.952415837
