234
42
94
49
2716
1713
16
186
99
10
26
846
408
6581
5
26
11449
2660
73
5
476
19
807
250
14
15
33
44
1145
1204
5
7
21
73
2178
5
127
9
23
1877
9
9
53
387
41
5
1
208
79
12896
4540
19
1230
1274
130
793
999
5328
25
204
18
51
19
1686
29
75
44
2219
532
52
6
36
848
5989
17
5
7
2
5
196
9
118
33
2230
18
5373
885
28
1196
2
1162
13
78
25
16
10
636
12
864
22
25
18
2703
3386
40
5997
5933
1311
1021
97
1717
658
3851
448
49
950
5
528
102
1334
418
531
39
15
3
16562
2
4033
123
9
24
867
16
30
3
15
38
4
41
17
301
20
21
11
48
120
6
8
52
60
20
2209
51
30
4225
19
2621
661
2029
19
15
1056
194
12902
598
87
5304
5
6
48
5712
457
15
11
30
23
1113
66
574
6
490
1659
102
365
122
1946
3571
2602
45
1705
29
21
17
554
9
6
324
11
51
3
1913
540
2
13
45
795
33
5
20
12
17
17121
22
33
5
1
1910
1132
912
5
37
14
161
2242
6
35
37
37
28
102
89
19
928
16
68
