20
1 8888 21 8889 2000 0.0
2 8888 21 8890 2000 0.0
3 8888 21 8891 2000 0.0
4 8888 21 8892 2000 0.0
5 8888 21 8893 2000 0.0
6 8888 21 8894 2000 0.0
7 8888 21 8895 2000 0.0
8 8888 21 8896 2000 0.0
9 8888 21 8897 2000 0.0
10 8888 21 8898 2000 0.0
11 8888 21 8899 2000 0.005489125
12 8888 21 8900 2000 0.008339333
13 8888 21 8901 2000 0.013911173
14 8888 21 8902 2000 0.014374440
15 8888 21 8903 2000 0.017044541
16 8888 21 8904 2000 0.017436682
17 8888 21 8905 2000 0.019922547
18 8888 21 8906 2000 0.028940827
19 8888 21 8907 2000 0.034427597
20 8888 21 8908 2000 0.052901927