2
1 8888 31 8889 191 0.0 
2 8887 31 8890 280 0.0
3 8889 31 8891 300 0.0
4 8887 31 8892 300 0.0
5 8889 31 8893 300 0.0
6 8888 31 8894 300 0.0 
7 8887 31 8895 300 0.0
8 8889 31 8896 300 0.0
9 8887 31 8897 300 0.0
10 8889 31 8898 300 0.001
11 8888 31 8899 300 0.0011 
12 8887 31 8900 300 0.002
13 8889 31 8901 300 0.0022
14 8887 31 8902 300 0.003
15 8889 31 8903 300 0.0033
16 8888 31 8904 300 0.004 
17 8887 31 8905 300 0.0044
18 8889 31 8906 300 0.005
19 8887 31 8907 300 0.0055
20 8889 31 8908 300 0.006