956
75 49153 129 8888 17 0.000403161
116 49153 129 8889 117 0.001860852
62 49153 129 8890 6 0.001873455
114 49153 129 8891 44 0.002385542
107 49153 129 8892 3 0.004908285
5 49153 129 8893 1846 0.005159531
28 49153 129 8894 2 0.006480521
57 49153 129 8895 82 0.007955175
50 49153 129 8896 157 0.009950734
84 49153 129 8897 6 0.010500935
107 49154 129 8898 12 0.010880761
98 49153 129 8899 6 0.010896803
74 49153 129 8900 1098 0.011706368
112 49153 129 8901 2 0.013702094
126 49153 129 8902 2 0.016768904
42 49153 129 8903 15 0.017380958
100 49153 129 8904 784 0.017554874
4 49153 129 8905 12 0.023541200
103 49153 129 8906 36 0.029674416
44 49153 129 8907 32 0.029724525
52 49153 129 8908 15 0.033114857
61 49153 129 8909 2863 0.038410332
20 49153 129 8910 3 0.038772869
3 49153 129 8911 21 0.042801355
63 49153 129 8912 4 0.047515009
12 49153 129 8913 7 0.048839822
111 49153 129 8914 27 0.049476827
97 49153 129 8915 1301 0.050594314
16 49153 129 8916 3151 0.051824743
22 49153 129 8917 11 0.051832126
74 49154 129 8918 35 0.059816069
112 49154 129 8919 12 0.063713406
33 49153 129 8920 2468 0.067201153
15 49153 129 8921 7 0.067895079
112 49155 129 8922 1133 0.068293480
75 49154 129 8923 2528 0.072498659
70 49153 129 8924 94 0.074361861
61 49154 129 8925 35 0.075420701
87 49153 129 8926 732 0.076393602
82 49153 129 8927 14 0.078874142
121 49153 129 8928 18 0.080712836
112 49156 129 8929 6088 0.081280271
37 49153 129 8930 5315 0.084205748
65 49153 129 8931 17 0.084991772
5 49154 129 8932 1224 0.091398484
71 49153 129 8933 664 0.094373446
107 49155 129 8934 11311 0.098024060
86 49153 129 8935 36 0.102512938
68 49153 129 8936 39 0.108760809
16 49154 129 8937 9 0.113015004
66 49153 129 8938 71 0.113820641
65 49154 129 8939 35 0.115669470
3 49154 129 8940 2 0.119488032
55 49153 129 8941 1 0.120651326
17 49153 129 8942 871 0.123319622
110 49153 129 8943 14 0.126013607
37 49154 129 8944 98 0.127617209
77 49153 129 8945 427 0.133573952
34 49153 129 8946 6649 0.136759143
77 49154 129 8947 12 0.136870706
106 49153 129 8948 1532 0.137502903
61 49155 129 8949 10 0.137589409
110 49154 129 8950 19 0.137789466
102 49153 129 8951 43 0.138403939
34 49154 129 8952 6 0.141400717
57 49154 129 8953 64 0.144153318
28 49154 129 8954 30 0.144782358
88 49153 129 8955 5678 0.145063663
66 49154 129 8956 47 0.146402260
74 49155 129 8957 28 0.147495690
16 49155 129 8958 534 0.152879234
26 49153 129 8959 13460 0.154280100
127 49153 129 8960 7 0.156007364
116 49154 129 8961 4 0.156906543
42 49154 129 8962 2635 0.157182525
80 49153 129 8963 4428 0.158324777
13 49153 129 8964 936 0.161051422
83 49153 129 8965 6121 0.163017014
56 49153 129 8966 163 0.165482742
41 49153 129 8967 328 0.165831318
1 49153 129 8968 2151 0.165840209
50 49154 129 8969 5272 0.168114022
55 49154 129 8970 456 0.172917679
15 49154 129 8971 478 0.173803336
67 49153 129 8972 100 0.174799565
100 49154 129 8973 37 0.177044485
3 49155 129 8974 19 0.178725148
91 49153 129 8975 21 0.179259556
103 49154 129 8976 13 0.180387939
88 49154 129 8977 47 0.184316931
119 49153 129 8978 19 0.189114928
103 49155 129 8979 42 0.189663771
26 49154 129 8980 19337 0.190007452
13 49154 129 8981 2366 0.191212466
91 49154 129 8982 8614 0.191981433
84 49154 129 8983 48 0.196663103
30 49153 129 8984 33 0.196704442
67 49154 129 8985 725 0.199611105
74 49156 129 8986 18 0.201353686
113 49153 129 8987 18 0.201414455
67 49155 129 8988 4855 0.201856089
123 49153 129 8989 649 0.204780819
126 49154 129 8990 16 0.204995714
91 49155 129 8991 2294 0.205968877
18 49153 129 8992 12 0.207588954
18 49154 129 8993 5474 0.212575790
50 49155 129 8994 17 0.213237706
73 49153 129 8995 750 0.213605710
112 49157 129 8996 1 0.214957120
45 49153 129 8997 27 0.215403121
115 49153 129 8998 17 0.220877947
115 49154 129 8999 2074 0.221186774
17 49154 129 9000 3798 0.224060961
87 49154 129 9001 299 0.228395934
51 49153 129 9002 1598 0.231750599
114 49154 129 9003 3 0.232352958
57 49155 129 9004 2 0.232599600
44 49154 129 9005 36 0.232962891
77 49155 129 9006 32 0.237335264
6 49153 129 9007 381 0.239455015
27 49153 129 9008 42 0.247691363
110 49155 129 9009 1 0.247805450
29 49153 129 9010 33 0.249385192
74 49157 129 9011 870 0.250124100
36 49153 129 9012 18 0.250205099
8 49153 129 9013 54 0.250622082
31 49153 129 9014 9814 0.252726283
12 49154 129 9015 48 0.253209835
72 49153 129 9016 17 0.253387968
117 49153 129 9017 3 0.254271177
128 49153 129 9018 32 0.255679088
100 49155 129 9019 562 0.258111577
46 49153 129 9020 52 0.258787387
12 49155 129 9021 331 0.260784167
87 49155 129 9022 5 0.261298381
28 49155 129 9023 3 0.263550200
105 49153 129 9024 17969 0.265691307
119 49154 129 9025 11851 0.266465419
10 49153 129 9026 18 0.266659594
112 49158 129 9027 4969 0.267365329
58 49153 129 9028 7 0.270312021
116 49155 129 9029 7 0.272558892
114 49155 129 9030 34 0.274141396
58 49154 129 9031 75 0.274614200
76 49153 129 9032 3842 0.280833137
54 49153 129 9033 6 0.285771813
59 49153 129 9034 8 0.286143936
24 49153 129 9035 25 0.286690149
109 49153 129 9036 15134 0.287058195
47 49153 129 9037 368 0.287211489
79 49153 129 9038 4 0.287367428
61 49156 129 9039 89 0.287538784
111 49154 129 9040 26 0.288232297
13 49155 129 9041 1939 0.289336354
107 49156 129 9042 5528 0.298293490
45 49154 129 9043 15 0.298341630
12 49156 129 9044 154 0.301757165
64 49153 129 9045 66 0.303298787
97 49154 129 9046 2466 0.304457572
19 49153 129 9047 38 0.306189597
115 49155 129 9048 5 0.306198637
105 49154 129 9049 12 0.308900676
87 49156 129 9050 26 0.311317247
50 49156 129 9051 15 0.311492038
72 49154 129 9052 1482 0.314292809
34 49155 129 9053 14 0.315037634
114 49156 129 9054 1 0.315644966
122 49153 129 9055 1332 0.317280566
12 49157 129 9056 508 0.317458558
4 49154 129 9057 13940 0.317946108
89 49153 129 9058 19 0.318762548
128 49154 129 9059 31 0.319394148
127 49154 129 9060 6412 0.319530319
96 49153 129 9061 1089 0.326896880
90 49153 129 9062 47 0.328383127
72 49155 129 9063 10 0.330354928
97 49155 129 9064 16419 0.331165006
110 49156 129 9065 18 0.339385589
16 49156 129 9066 4 0.339896964
96 49154 129 9067 9 0.339906178
105 49155 129 9068 7 0.340932340
15 49155 129 9069 1 0.341019320
110 49157 129 9070 118 0.341713785
1 49154 129 9071 41 0.344051024
82 49154 129 9072 10 0.345715896
38 49153 129 9073 100 0.348241060
50 49157 129 9074 10 0.348894339
98 49154 129 9075 3895 0.350097766
114 49157 129 9076 3476 0.352233455
93 49153 129 9077 1634 0.353105977
74 49158 129 9078 651 0.353318661
122 49154 129 9079 1243 0.357221872
12 49158 129 9080 3609 0.358635145
77 49156 129 9081 23 0.365285107
87 49157 129 9082 33 0.366617309
54 49154 129 9083 530 0.367115728
54 49155 129 9084 4 0.368858626
85 49153 129 9085 31 0.371075376
87 49158 129 9086 3227 0.371365492
83 49154 129 9087 69 0.371809498
102 49154 129 9088 53 0.372700798
2 49153 129 9089 446 0.373418043
67 49156 129 9090 19 0.374957823
64 49154 129 9091 1981 0.379086167
23 49153 129 9092 41 0.381913309
67 49157 129 9093 9 0.385481963
50 49158 129 9094 2200 0.385581201
109 49154 129 9095 461 0.390524810
4 49155 129 9096 7 0.391936526
40 49153 129 9097 14 0.397558465
52 49154 129 9098 21 0.399192565
61 49157 129 9099 3352 0.399594740
68 49154 129 9100 106 0.400714242
48 49153 129 9101 4 0.404546317
5 49155 129 9102 2 0.404569213
102 49155 129 9103 4 0.407807710
43 49153 129 9104 575 0.408968282
26 49155 129 9105 611 0.408989608
105 49156 129 9106 12 0.410356980
44 49155 129 9107 614 0.413261778
66 49155 129 9108 6 0.417070196
113 49154 129 9109 162 0.417753147
18 49155 129 9110 2 0.418633274
109 49155 129 9111 29 0.419063132
72 49156 129 9112 20 0.421346523
27 49154 129 9113 52 0.424486153
50 49159 129 9114 727 0.424685907
89 49154 129 9115 47 0.425791651
2 49154 129 9116 837 0.427481061
58 49155 129 9117 671 0.428884422
42 49155 129 9118 3 0.430390886
84 49155 129 9119 18 0.431197295
3 49156 129 9120 27 0.435120256
46 49154 129 9121 20 0.437079935
8 49154 129 9122 4 0.440166724
24 49154 129 9123 89 0.440358522
95 49153 129 9124 29 0.441292763
123 49154 129 9125 40 0.443283929
100 49156 129 9126 14 0.444026030
21 49153 129 9127 5 0.445866708
68 49155 129 9128 106 0.447493503
47 49154 129 9129 3003 0.449856634
8 49155 129 9130 2867 0.450955127
123 49155 129 9131 20 0.451015904
17 49155 129 9132 13964 0.454887899
38 49154 129 9133 23 0.457194737
60 49153 129 9134 2980 0.458306526
106 49154 129 9135 39 0.459796547
41 49154 129 9136 19970 0.460409403
90 49154 129 9137 1076 0.464069339
40 49154 129 9138 2 0.466955590
110 49158 129 9139 3483 0.468938670
45 49155 129 9140 1268 0.470680320
96 49155 129 9141 21 0.473945200
35 49153 129 9142 21 0.475723132
24 49155 129 9143 133 0.477210102
59 49154 129 9144 42 0.481038972
78 49153 129 9145 4 0.481626111
27 49155 129 9146 39 0.482789408
13 49156 129 9147 51 0.485728399
46 49155 129 9148 41 0.488072047
69 49153 129 9149 5 0.490601140
56 49154 129 9150 5 0.491260343
18 49156 129 9151 17 0.494378091
96 49156 129 9152 835 0.495865106
125 49153 129 9153 108 0.500912372
42 49156 129 9154 114 0.501362156
10 49154 129 9155 11862 0.505832176
106 49155 129 9156 1039 0.506625300
6 49154 129 9157 108 0.506993782
48 49154 129 9158 82 0.508774171
49 49153 129 9159 4293 0.510274995
16 49157 129 9160 507 0.513205322
64 49155 129 9161 7 0.513828338
6 49155 129 9162 1403 0.513872529
73 49154 129 9163 6608 0.518119718
9 49153 129 9164 1766 0.520530160
110 49159 129 9165 7 0.520585814
82 49155 129 9166 93 0.521034059
117 49154 129 9167 36 0.521093396
117 49155 129 9168 658 0.522261092
65 49155 129 9169 4145 0.522575667
24 49156 129 9170 1135 0.523060721
90 49155 129 9171 5 0.524867858
87 49159 129 9172 36 0.528617667
127 49155 129 9173 9 0.530414321
125 49154 129 9174 227 0.531458035
125 49155 129 9175 5973 0.532681062
11 49153 129 9176 302 0.533921018
47 49155 129 9177 206 0.535000632
100 49157 129 9178 111 0.536180572
59 49155 129 9179 4 0.537217550
80 49154 129 9180 2495 0.539640641
57 49156 129 9181 5 0.540914158
23 49154 129 9182 8356 0.541190341
3 49157 129 9183 46 0.541618731
9 49154 129 9184 12 0.543727239
109 49156 129 9185 5 0.543756122
104 49153 129 9186 3068 0.546339835
90 49156 129 9187 43 0.546723896
46 49156 129 9188 52 0.550227976
82 49156 129 9189 1236 0.550433493
96 49157 129 9190 112 0.551775487
22 49154 129 9191 1 0.555120824
125 49156 129 9192 5 0.556061221
87 49160 129 9193 50 0.556334129
79 49154 129 9194 385 0.559999024
115 49156 129 9195 12 0.560747227
76 49154 129 9196 47 0.561442913
7 49153 129 9197 76 0.562664300
74 49159 129 9198 1423 0.563962712
87 49161 129 9199 172 0.564611038
88 49155 129 9200 11 0.566771568
65 49156 129 9201 871 0.569152256
98 49155 129 9202 5 0.570531599
13 49157 129 9203 18 0.570761732
51 49154 129 9204 12 0.570902200
97 49156 129 9205 2 0.572818877
54 49156 129 9206 59 0.574255529
23 49155 129 9207 582 0.574524026
39 49153 129 9208 1 0.577073623
121 49154 129 9209 7 0.579463568
52 49155 129 9210 1156 0.581307310
85 49154 129 9211 285 0.585902081
82 49157 129 9212 4 0.585950412
77 49157 129 9213 47 0.586518163
4 49156 129 9214 131 0.590040450
67 49158 129 9215 41 0.598605010
69 49154 129 9216 14411 0.601227843
90 49157 129 9217 4023 0.605844238
126 49155 129 9218 49 0.607184022
84 49156 129 9219 33 0.607699607
71 49154 129 9220 2699 0.607966426
127 49156 129 9221 19 0.609621109
86 49154 129 9222 314 0.611206205
108 49153 129 9223 34 0.611966129
110 49160 129 9224 404 0.612514702
3 49158 129 9225 657 0.612581347
48 49155 129 9226 1208 0.613704414
81 49153 129 9227 7 0.615315778
12 49159 129 9228 64 0.619145318
40 49155 129 9229 44 0.622824006
89 49155 129 9230 47 0.623528807
74 49160 129 9231 29 0.626530655
39 49154 129 9232 60 0.629276989
39 49155 129 9233 2770 0.630509093
91 49156 129 9234 3296 0.631290787
7 49154 129 9235 27 0.637387705
39 49156 129 9236 2287 0.639664975
90 49158 129 9237 22 0.641111703
72 49157 129 9238 919 0.642393275
37 49155 129 9239 18 0.643394871
64 49156 129 9240 7 0.643849011
126 49156 129 9241 5187 0.644137979
39 49157 129 9242 5581 0.647895120
26 49156 129 9243 5 0.648931995
77 49158 129 9244 38 0.649128663
107 49157 129 9245 2449 0.658391546
72 49158 129 9246 292 0.662748375
114 49158 129 9247 178 0.664230118
125 49157 129 9248 178 0.671211718
113 49155 129 9249 1664 0.671548701
106 49156 129 9250 865 0.673689890
64 49157 129 9251 1042 0.678472990
110 49161 129 9252 18 0.683489381
27 49156 129 9253 43 0.685248622
83 49155 129 9254 41 0.685280318
34 49156 129 9255 289 0.685854937
117 49156 129 9256 53 0.688283332
64 49158 129 9257 65 0.690010305
109 49157 129 9258 97 0.692831175
43 49154 129 9259 48 0.692970760
115 49157 129 9260 35 0.695975383
124 49153 129 9261 1666 0.696527338
57 49157 129 9262 170 0.696701988
79 49155 129 9263 20 0.697021429
102 49156 129 9264 9 0.697260284
61 49158 129 9265 303 0.697524146
103 49156 129 9266 5904 0.699160701
118 49153 129 9267 29 0.699576958
78 49154 129 9268 6468 0.700654503
33 49154 129 9269 30 0.701140223
93 49154 129 9270 20 0.704826515
81 49154 129 9271 396 0.705956256
38 49155 129 9272 4239 0.706834105
65 49157 129 9273 6 0.707136681
99 49153 129 9274 986 0.707413802
35 49154 129 9275 5379 0.708118430
65 49158 129 9276 486 0.710718799
49 49154 129 9277 755 0.711977901
54 49157 129 9278 1262 0.713477853
3 49159 129 9279 77 0.715097294
52 49156 129 9280 18 0.717680493
93 49155 129 9281 2957 0.718896598
34 49157 129 9282 4 0.720470651
11 49154 129 9283 1211 0.721097763
32 49153 129 9284 20 0.722805685
127 49157 129 9285 36 0.724116481
107 49158 129 9286 606 0.726131835
127 49158 129 9287 7 0.726419427
4 49157 129 9288 2 0.730248481
38 49156 129 9289 43 0.730482592
110 49162 129 9290 961 0.730553054
114 49159 129 9291 390 0.731672084
32 49154 129 9292 9 0.731747622
120 49153 129 9293 319 0.733200739
99 49154 129 9294 18635 0.742229822
17 49156 129 9295 10 0.742857607
73 49155 129 9296 1119 0.742963120
41 49155 129 9297 2149 0.743087089
112 49159 129 9298 23 0.744701933
126 49157 129 9299 1912 0.746125260
79 49156 129 9300 640 0.748928804
89 49156 129 9301 33 0.749057611
100 49158 129 9302 33 0.751914021
30 49154 129 9303 19 0.752766688
57 49158 129 9304 7 0.753400392
44 49156 129 9305 23 0.754322043
62 49154 129 9306 25 0.757083894
108 49154 129 9307 47 0.757754226
17 49157 129 9308 6572 0.760227816
118 49154 129 9309 17 0.760899242
96 49158 129 9310 133 0.762825395
65 49159 129 9311 638 0.765374364
25 49153 129 9312 659 0.769968814
66 49156 129 9313 1854 0.772945747
98 49156 129 9314 48 0.774743751
95 49154 129 9315 39 0.775236520
88 49156 129 9316 1189 0.776652281
120 49154 129 9317 2 0.777931826
56 49155 129 9318 9 0.778111496
53 49153 129 9319 12 0.780068652
28 49156 129 9320 1399 0.780693899
71 49155 129 9321 2882 0.786883221
42 49157 129 9322 12 0.788134968
88 49157 129 9323 629 0.788523165
28 49157 129 9324 5383 0.788652593
80 49155 129 9325 38 0.789084142
89 49157 129 9326 46 0.790140277
22 49155 129 9327 371 0.790659761
99 49155 129 9328 5200 0.791087232
124 49154 129 9329 105 0.798010823
10 49155 129 9330 1869 0.799539481
1 49155 129 9331 52 0.800428265
92 49153 129 9332 448 0.800554495
58 49156 129 9333 1990 0.801580870
107 49159 129 9334 4422 0.803793083
2 49155 129 9335 10 0.804963740
3 49160 129 9336 2165 0.805889257
108 49155 129 9337 137 0.807594325
64 49159 129 9338 2039 0.808179357
16 49158 129 9339 4 0.809783213
34 49158 129 9340 24 0.810075627
15 49156 129 9341 34 0.811305075
19 49154 129 9342 6 0.811493111
110 49163 129 9343 15829 0.815107523
3 49161 129 9344 5 0.817843075
8 49156 129 9345 37 0.818872414
101 49153 129 9346 1 0.819506541
109 49158 129 9347 2 0.819541436
7 49155 129 9348 9 0.825197150
7 49156 129 9349 4263 0.827806210
47 49156 129 9350 3807 0.828789588
27 49157 129 9351 2074 0.829104035
69 49155 129 9352 107 0.829236726
128 49155 129 9353 22 0.831897029
84 49157 129 9354 3 0.838244582
65 49160 129 9355 9862 0.838993031
98 49157 129 9356 6 0.841755941
98 49158 129 9357 57 0.845236659
33 49155 129 9358 727 0.854227702
46 49157 129 9359 1 0.854437426
42 49158 129 9360 45 0.858413130
119 49155 129 9361 3 0.861578057
91 49157 129 9362 83 0.865585788
27 49158 129 9363 626 0.868837840
34 49159 129 9364 5282 0.870814473
96 49159 129 9365 100 0.872814608
102 49157 129 9366 158 0.874814389
111 49155 129 9367 6 0.877313904
18 49157 129 9368 3 0.880302083
120 49155 129 9369 4 0.881338965
95 49155 129 9370 8 0.882036340
52 49157 129 9371 5921 0.882769074
117 49157 129 9372 1043 0.886141794
97 49157 129 9373 22 0.886231687
32 49155 129 9374 993 0.886504924
104 49154 129 9375 1801 0.887032139
51 49155 129 9376 10 0.891088973
127 49159 129 9377 20 0.894153568
64 49160 129 9378 30 0.894166780
63 49154 129 9379 654 0.894460159
113 49156 129 9380 3931 0.896871644
128 49156 129 9381 6 0.900931326
32 49156 129 9382 4398 0.904790550
120 49156 129 9383 20 0.908012505
50 49160 129 9384 873 0.909657611
83 49156 129 9385 4263 0.910413811
88 49158 129 9386 7680 0.910435959
12 49160 129 9387 1 0.911760766
25 49154 129 9388 301 0.913432504
74 49161 129 9389 236 0.915403805
91 49158 129 9390 4 0.916071883
24 49157 129 9391 1117 0.919554609
111 49156 129 9392 48 0.920406564
121 49155 129 9393 978 0.922111836
25 49155 129 9394 20 0.925561504
52 49158 129 9395 33 0.926229654
77 49159 129 9396 4546 0.929112339
51 49156 129 9397 16 0.932064819
15 49157 129 9398 6 0.935507139
103 49157 129 9399 7291 0.936929132
90 49159 129 9400 40 0.938925316
57 49159 129 9401 232 0.945369396
93 49156 129 9402 945 0.945637680
43 49155 129 9403 10161 0.947768191
19 49155 129 9404 3 0.949605517
15 49158 129 9405 627 0.949871176
123 49156 129 9406 443 0.950887394
15 49159 129 9407 30 0.951852757
53 49154 129 9408 29 0.952714897
105 49157 129 9409 47 0.954732300
15 49160 129 9410 4988 0.957049143
83 49157 129 9411 43 0.957328632
116 49156 129 9412 775 0.960778902
65 49161 129 9413 3624 0.962139615
63 49155 129 9414 901 0.962171675
126 49158 129 9415 5 0.963677562
51 49157 129 9416 6 0.965267599
64 49161 129 9417 18 0.967587456
24 49158 129 9418 3 0.968866273
1 49156 129 9419 39 0.969563102
59 49156 129 9420 1533 0.969776257
17 49158 129 9421 16 0.971123235
28 49158 129 9422 4 0.971460821
49 49155 129 9423 242 0.971467614
88 49159 129 9424 25 0.974000293
14 49153 129 9425 2321 0.974688790
97 49158 129 9426 7345 0.974726028
94 49153 129 9427 50 0.975338980
1 49157 129 9428 384 0.977192016
74 49162 129 9429 26 0.978416520
5 49156 129 9430 1 0.978463014
11 49155 129 9431 20 0.978711743
102 49158 129 9432 1330 0.979070510
31 49154 129 9433 110 0.983838687
31 49155 129 9434 14 0.985558055
80 49156 129 9435 34 0.987229615
61 49159 129 9436 601 0.987493167
17 49159 129 9437 1770 0.988684257
55 49155 129 9438 966 0.991462066
96 49160 129 9439 2510 0.993946176
24 49159 129 9440 326 0.995894317
13 49158 129 9441 5335 1.003044297
122 49155 129 9442 48 1.004056760
40 49156 129 9443 878 1.005106324
33 49156 129 9444 12 1.005266600
18 49158 129 9445 47 1.005453548
125 49158 129 9446 601 1.005688001
126 49159 129 9447 2167 1.005763735
48 49156 129 9448 25 1.007313408
101 49154 129 9449 344 1.008693410
21 49154 129 9450 18982 1.010133764
59 49157 129 9451 581 1.010233832
100 49159 129 9452 6 1.011694568
82 49158 129 9453 39 1.018914877
117 49158 129 9454 2 1.020420439
107 49160 129 9455 2615 1.021348557
57 49160 129 9456 1629 1.022777015
124 49155 129 9457 2 1.028899968
20 49154 129 9458 8 1.029277662
96 49161 129 9459 716 1.033188303
77 49160 129 9460 47 1.033571884
28 49159 129 9461 36 1.036781313
110 49164 129 9462 20 1.041416826
107 49161 129 9463 96 1.041689131
33 49157 129 9464 49 1.041893684
107 49162 129 9465 4441 1.043965883
16 49159 129 9466 52 1.045133060
90 49160 129 9467 28 1.046394385
92 49154 129 9468 7 1.046582191
65 49162 129 9469 28 1.046596099
22 49156 129 9470 30 1.047621648
52 49159 129 9471 1057 1.048965850
27 49159 129 9472 166 1.051551966
98 49159 129 9473 93 1.053089812
79 49157 129 9474 32 1.054114112
18 49159 129 9475 61 1.062779923
21 49155 129 9476 949 1.064463330
60 49154 129 9477 21 1.068769081
94 49154 129 9478 277 1.071286144
19 49156 129 9479 53 1.072244795
61 49160 129 9480 14834 1.073074200
62 49155 129 9481 18493 1.075895752
102 49159 129 9482 1046 1.077286257
15 49161 129 9483 26 1.083754647
48 49157 129 9484 29 1.086380940
12 49161 129 9485 3 1.087556178
126 49160 129 9486 327 1.088061320
24 49160 129 9487 934 1.088777977
28 49160 129 9488 28 1.092577469
110 49165 129 9489 7 1.092879991
62 49156 129 9490 6646 1.093617967
73 49156 129 9491 1135 1.094034455
62 49157 129 9492 154 1.098659816
104 49155 129 9493 14676 1.099606966
77 49161 129 9494 50 1.100714757
12 49162 129 9495 3 1.105369905
112 49160 129 9496 5 1.105655516
30 49155 129 9497 5 1.107689729
100 49160 129 9498 17963 1.116385693
99 49156 129 9499 3356 1.117521550
29 49154 129 9500 485 1.117606320
99 49157 129 9501 310 1.118348574
100 49161 129 9502 835 1.118440143
54 49158 129 9503 10169 1.122898022
77 49162 129 9504 30 1.123356873
71 49156 129 9505 1403 1.124966415
73 49157 129 9506 19 1.126051473
20 49155 129 9507 9 1.128116960
60 49155 129 9508 37 1.129805662
77 49163 129 9509 4 1.130152532
7 49157 129 9510 576 1.134129062
15 49162 129 9511 102 1.134214226
128 49157 129 9512 87 1.134392005
118 49155 129 9513 1398 1.136822589
92 49155 129 9514 54 1.138961575
34 49160 129 9515 17 1.141293357
33 49158 129 9516 10 1.142412413
51 49158 129 9517 5 1.142418709
45 49156 129 9518 18 1.144166330
19 49157 129 9519 6 1.145245717
107 49163 129 9520 162 1.149675149
109 49159 129 9521 50 1.152861547
122 49156 129 9522 50 1.156451686
64 49162 129 9523 211 1.158514848
7 49158 129 9524 1254 1.160535052
121 49156 129 9525 791 1.165848556
34 49161 129 9526 35 1.167872111
62 49158 129 9527 17 1.175401349
87 49162 129 9528 24 1.178450504
62 49159 129 9529 20 1.178615590
111 49157 129 9530 2224 1.178663274
68 49156 129 9531 1822 1.179216963
76 49155 129 9532 85 1.179612046
117 49159 129 9533 16871 1.180937578
120 49157 129 9534 6 1.181113746
27 49160 129 9535 952 1.183682612
85 49155 129 9536 304 1.185000692
83 49158 129 9537 66 1.185593370
96 49162 129 9538 2390 1.188654461
118 49156 129 9539 29 1.190533821
20 49156 129 9540 117 1.190768055
43 49156 129 9541 357 1.191233877
114 49160 129 9542 25 1.193222546
90 49161 129 9543 1 1.194570229
43 49157 129 9544 1028 1.195056636
119 49156 129 9545 3 1.197032917
12 49163 129 9546 41 1.200514207
67 49159 129 9547 3729 1.200737961
49 49156 129 9548 3821 1.203580471
84 49158 129 9549 2 1.208200059
26 49157 129 9550 16 1.212403255
56 49156 129 9551 7 1.212489035
124 49156 129 9552 2711 1.212581442
4 49158 129 9553 8 1.215526592
92 49156 129 9554 26 1.217221997
104 49156 129 9555 27 1.217226383
7 49159 129 9556 2360 1.218815363
92 49157 129 9557 2930 1.218850663
75 49155 129 9558 24 1.220101832
125 49159 129 9559 1819 1.221166965
107 49164 129 9560 456 1.221403485
47 49157 129 9561 35 1.221899483
40 49157 129 9562 127 1.222066391
106 49157 129 9563 87 1.224943722
25 49156 129 9564 2 1.228836101
11 49156 129 9565 10 1.229893228
116 49157 129 9566 6343 1.230131230
65 49163 129 9567 5 1.235502420
59 49158 129 9568 128 1.236676478
41 49156 129 9569 1445 1.241154491
26 49158 129 9570 17 1.242745834
69 49156 129 9571 34 1.242980641
3 49162 129 9572 53 1.248051646
10 49156 129 9573 19 1.251042696
124 49157 129 9574 2437 1.253753723
92 49158 129 9575 453 1.257505604
112 49161 129 9576 872 1.260340041
25 49157 129 9577 94 1.260510495
7 49160 129 9578 42 1.261843687
117 49160 129 9579 32 1.265566722
37 49156 129 9580 4976 1.265832194
61 49161 129 9581 6 1.268269033
89 49158 129 9582 5080 1.270869294
65 49164 129 9583 2414 1.274078902
33 49159 129 9584 777 1.275307559
95 49156 129 9585 177 1.276255977
100 49162 129 9586 3 1.278795281
72 49159 129 9587 6 1.279329378
75 49156 129 9588 3 1.281568286
112 49162 129 9589 127 1.283330129
109 49160 129 9590 6573 1.283408737
24 49161 129 9591 25 1.293781776
98 49160 129 9592 232 1.297712094
102 49160 129 9593 82 1.297807508
22 49157 129 9594 50 1.298088755
97 49159 129 9595 48 1.299161105
90 49162 129 9596 2798 1.299315880
117 49161 129 9597 6 1.300100470
118 49157 129 9598 2515 1.301439746
54 49159 129 9599 47 1.301806667
91 49159 129 9600 124 1.302203555
38 49157 129 9601 3160 1.308433240
63 49156 129 9602 8 1.310246594
11 49157 129 9603 2669 1.314023565
98 49161 129 9604 3548 1.315378776
91 49160 129 9605 3200 1.316570137
66 49157 129 9606 15 1.317285558
39 49158 129 9607 5 1.317956152
115 49158 129 9608 14 1.319551254
42 49159 129 9609 1 1.321235549
34 49162 129 9610 7 1.321909089
46 49158 129 9611 39 1.327647918
72 49160 129 9612 5494 1.328369399
126 49161 129 9613 100 1.329626902
110 49166 129 9614 1247 1.332271860
88 49160 129 9615 286 1.335936390
57 49161 129 9616 4 1.338310262
38 49158 129 9617 30 1.341213262
33 49160 129 9618 3230 1.342101868
65 49165 129 9619 16 1.342764813
74 49163 129 9620 18 1.345385313
82 49159 129 9621 2 1.347601080
72 49161 129 9622 24 1.348352144
128 49158 129 9623 513 1.348705543
28 49161 129 9624 33 1.350003245
50 49161 129 9625 33 1.350209460
55 49156 129 9626 21 1.352969110
93 49157 129 9627 3 1.354463824
62 49160 129 9628 15 1.354919598
92 49159 129 9629 846 1.355550081
31 49156 129 9630 48 1.358884871
92 49160 129 9631 29 1.360940633
31 49157 129 9632 8 1.361951384
38 49159 129 9633 26 1.365884143
5 49157 129 9634 425 1.367337678
32 49157 129 9635 14 1.367924832
125 49160 129 9636 19 1.373610977
12 49164 129 9637 7 1.380520381
77 49164 129 9638 1040 1.383594741
121 49157 129 9639 7 1.385120758
78 49155 129 9640 3757 1.385323078
94 49155 129 9641 942 1.387270957
101 49155 129 9642 47 1.390086257
59 49159 129 9643 52 1.393496825
39 49159 129 9644 25 1.394722676
89 49159 129 9645 2 1.395430769
104 49157 129 9646 646 1.396516484
89 49160 129 9647 67 1.396835433
82 49160 129 9648 2845 1.397503880
71 49157 129 9649 124 1.397706847
116 49158 129 9650 2 1.398896577
67 49160 129 9651 1277 1.401336820
18 49160 129 9652 4185 1.402818167
117 49162 129 9653 372 1.403202124
28 49162 129 9654 68 1.406189972
5 49158 129 9655 584 1.406376936
117 49163 129 9656 566 1.406820815
75 49157 129 9657 14468 1.407694348
11 49158 129 9658 5033 1.411389678
110 49167 129 9659 20 1.411657829
48 49158 129 9660 1 1.417481206
40 49158 129 9661 85 1.417812035
28 49163 129 9662 38 1.419758909
107 49165 129 9663 3 1.422817836
105 49158 129 9664 4942 1.424528998
121 49158 129 9665 15 1.425195477
78 49156 129 9666 48 1.430555094
7 49161 129 9667 176 1.430593247
16 49160 129 9668 15 1.430833351
116 49159 129 9669 1151 1.432240708
69 49157 129 9670 44 1.432274501
37 49157 129 9671 4 1.435202136
21 49156 129 9672 9 1.441998183
71 49158 129 9673 23 1.443202787
122 49157 129 9674 115 1.443759778
100 49163 129 9675 551 1.455379312
47 49158 129 9676 6 1.455418400
88 49161 129 9677 17571 1.457429335
13 49159 129 9678 22 1.458204077
118 49158 129 9679 7 1.463214187
97 49160 129 9680 19 1.465099509
118 49159 129 9681 28 1.465814765
24 49162 129 9682 2457 1.466558173
20 49157 129 9683 995 1.470982482
62 49161 129 9684 1179 1.473074607
16 49161 129 9685 2314 1.473278120
119 49157 129 9686 4 1.477497694
66 49158 129 9687 41 1.477952873
59 49160 129 9688 16715 1.477973908
31 49158 129 9689 47 1.481487816
69 49158 129 9690 23 1.483160661
68 49157 129 9691 51 1.484859958
48 49159 129 9692 30 1.486904491
41 49157 129 9693 103 1.488788129
115 49159 129 9694 3 1.488920892
107 49166 129 9695 34 1.489834145
61 49162 129 9696 18 1.493469450
91 49161 129 9697 55 1.495457555
76 49156 129 9698 3 1.497400381
48 49160 129 9699 4 1.497762397
85 49156 129 9700 95 1.499219480
86 49155 129 9701 45 1.499617210
85 49157 129 9702 18 1.499917527
39 49160 129 9703 1 1.503389345
8 49157 129 9704 18315 1.503610392
115 49160 129 9705 14 1.503792441
30 49156 129 9706 5274 1.505377210
11 49159 129 9707 5 1.507175479
8 49158 129 9708 17 1.518310625
95 49157 129 9709 1066 1.523019748
81 49155 129 9710 17 1.523257758
49 49157 129 9711 1 1.524653075
107 49167 129 9712 3289 1.527132958
5 49159 129 9713 30 1.527140828
26 49159 129 9714 30 1.531748303
18 49161 129 9715 17 1.532244045
17 49160 129 9716 1 1.533574582
16 49162 129 9717 979 1.534868223
65 49166 129 9718 24 1.535974935
29 49155 129 9719 16 1.536729733
116 49160 129 9720 32 1.537416619
31 49159 129 9721 16031 1.539567502
22 49158 129 9722 16 1.540777444
61 49163 129 9723 719 1.545864142
33 49161 129 9724 41 1.547413097
28 49164 129 9725 2 1.551051697
119 49158 129 9726 19 1.551206957
46 49159 129 9727 9 1.553073484
79 49158 129 9728 38 1.555809950
68 49158 129 9729 1771 1.555948766
114 49161 129 9730 3 1.556799816
38 49160 129 9731 5 1.559860199
43 49158 129 9732 359 1.562586475
49 49158 129 9733 11 1.564216614
3 49163 129 9734 5 1.566213478
91 49162 129 9735 1 1.567708732
37 49158 129 9736 38 1.574043633
61 49164 129 9737 19123 1.574642963
52 49160 129 9738 95 1.575704839
55 49157 129 9739 4887 1.575753284
44 49157 129 9740 2014 1.576938779
18 49162 129 9741 3583 1.583065054
7 49162 129 9742 10 1.586520001
106 49158 129 9743 1348 1.587259944
19 49158 129 9744 1195 1.589061534
2 49156 129 9745 18 1.593078622
69 49159 129 9746 6367 1.593903662
20 49158 129 9747 118 1.594261977
108 49156 129 9748 716 1.595954036
58 49157 129 9749 6 1.597337367
31 49160 129 9750 506 1.597996877
19 49159 129 9751 17 1.606718463
94 49156 129 9752 39 1.608494128
76 49157 129 9753 5178 1.611558651
60 49156 129 9754 3 1.615729838
110 49168 129 9755 4 1.620420420
48 49161 129 9756 2 1.621307889
15 49163 129 9757 7 1.623157339
7 49163 129 9758 2 1.623353029
23 49156 129 9759 4160 1.626643059
100 49164 129 9760 22 1.629093940
79 49159 129 9761 6 1.630961243
67 49161 129 9762 4997 1.631798854
108 49157 129 9763 277 1.632579341
22 49159 129 9764 2 1.633721683
67 49162 129 9765 17 1.635526159
90 49163 129 9766 497 1.639624330
108 49158 129 9767 9 1.645822115
66 49159 129 9768 38 1.648565058
49 49159 129 9769 15 1.648875228
12 49165 129 9770 664 1.649011918
27 49161 129 9771 4867 1.650383699
13 49160 129 9772 18 1.653495376
82 49161 129 9773 4816 1.656049915
10 49157 129 9774 44 1.656858007
124 49158 129 9775 1184 1.659715250
28 49165 129 9776 11114 1.664598504
10 49158 129 9777 594 1.666078859
72 49162 129 9778 18 1.666204952
37 49159 129 9779 1 1.666369325
45 49157 129 9780 7514 1.672200281
42 49160 129 9781 96 1.672898950
82 49162 129 9782 361 1.673310960
34 49163 129 9783 14 1.674277409
55 49158 129 9784 10 1.674672415
84 49159 129 9785 1094 1.675930943
26 49160 129 9786 41 1.676937691
52 49161 129 9787 5864 1.678231179
61 49165 129 9788 19275 1.682500873
28 49166 129 9789 53 1.685276703
23 49157 129 9790 40 1.689208401
22 49160 129 9791 2 1.690074974
60 49157 129 9792 1329 1.692477566
101 49156 129 9793 4 1.693601411
91 49163 129 9794 2 1.700077543
122 49158 129 9795 12 1.703105214
2 49157 129 9796 419 1.710875923
53 49155 129 9797 1 1.722173201
117 49164 129 9798 1 1.724809562
102 49161 129 9799 35 1.726536050
81 49156 129 9800 16053 1.727808708
10 49159 129 9801 6 1.728257464
91 49164 129 9802 130 1.728871993
26 49161 129 9803 52 1.731533895
60 49158 129 9804 7 1.733747879
106 49159 129 9805 19 1.735481110
107 49168 129 9806 4455 1.747997373
89 49161 129 9807 347 1.757187519
110 49169 129 9808 47 1.758674866
119 49159 129 9809 1274 1.759726650
94 49157 129 9810 3076 1.762653112
44 49158 129 9811 426 1.765415272
120 49158 129 9812 6 1.776927393
62 49162 129 9813 1132 1.783234152
42 49161 129 9814 6232 1.795703035
38 49161 129 9815 68 1.795932767
63 49157 129 9816 17762 1.796206170
107 49169 129 9817 6 1.805633731
69 49160 129 9818 795 1.807933762
7 49164 129 9819 445 1.810096759
54 49160 129 9820 19 1.811067119
66 49160 129 9821 5719 1.816336165
13 49161 129 9822 2523 1.816404275
66 49161 129 9823 57 1.828861557
78 49157 129 9824 46 1.831028165
78 49158 129 9825 35 1.837301871
122 49159 129 9826 434 1.840551872
13 49162 129 9827 974 1.842644663
106 49160 129 9828 896 1.864321574
58 49158 129 9829 41 1.871421369
58 49159 129 9830 38 1.876609381
39 49161 129 9831 12 1.877714615
111 49158 129 9832 219 1.883466093
79 49160 129 9833 3012 1.884346937
43 49159 129 9834 36 1.893009120
53 49156 129 9835 19922 1.898668264
22 49161 129 9836 44 1.909829677
39 49162 129 9837 196 1.910840308
43 49160 129 9838 1780 1.913471635
21 49157 129 9839 29 1.921828214
118 49160 129 9840 20 1.923172607
64 49163 129 9841 5649 1.945371377
30 49157 129 9842 2 1.948494686
89 49162 129 9843 5 1.974255229