#Time(s) qlen(pkts) qlen(us)
2.00 1 1
2.01 0 0
2.02 12 14
2.03 7 8
2.04 17 20
2.05 21 25
2.06 7 8
2.07 0 0
2.08 14 16
2.09 7 8
2.10 5 6
2.11 0 0
2.12 15 18
2.13 17 20
2.14 0 0
2.15 17 20
2.16 14 16
2.17 10 12
2.18 0 0
2.19 0 0
2.20 17 20
2.21 16 19
2.22 30 36
2.23 5 6
2.24 6 7
2.25 9 10
2.26 25 30
2.27 0 0
2.28 9 10
2.29 28 33
2.30 0 0
2.31 9 10
2.32 25 30
2.33 14 16
2.34 26 31
2.35 9 10
2.36 0 0
2.37 25 30
2.38 0 0
2.39 18 21
2.40 25 30
2.41 3 3
2.42 19 22
2.43 11 13
2.44 7 8
2.45 0 0
2.46 0 0
2.47 14 16
2.48 19 22
2.49 22 26
2.50 33 39
2.51 11 13
2.52 3 3
2.53 8 9
2.54 0 0
2.55 0 0
2.56 27 32
2.57 37 44
2.58 0 0
2.59 12 14
2.60 35 42
2.61 28 33
2.62 8 9
2.63 34 40
2.64 0 0
2.65 0 0
2.66 6 7
2.67 14 16
2.68 7 8
2.69 0 0
2.70 0 0
2.71 12 14
2.72 0 0
2.73 22 26
2.74 14 16
2.75 18 21
2.76 2 2
2.77 23 27
2.78 17 20
2.79 7 8
2.80 0 0
2.81 35 42
2.82 27 32
2.83 37 44
2.84 4 4
2.85 21 25
2.86 17 20
2.87 32 38
2.88 27 32
2.89 7 8
2.90 6 7
2.91 22 26
2.92 0 0
2.93 0 0
2.94 10 12
2.95 11 13
2.96 27 32
2.97 19 22
2.98 31 37
2.99 32 38
3.00 0 0
