318 
3 49153 105 8888 3 0.000914596
115 49153 2 8888 50 0.001940321
144 49153 62 8888 5 0.003706162
107 49153 120 8888 1199 0.005559859
141 49153 78 8888 438 0.006640848
190 49153 16 8888 6 0.007716726
32 49153 209 8888 114 0.008234427
172 49153 248 8888 5427 0.011670911
154 49153 219 8888 43 0.013593598
106 49153 189 8888 2252 0.014057965
98 49153 167 8888 4 0.016236699
142 49153 109 8888 61 0.018050032
61 49153 64 8888 1764 0.020251259
63 49153 227 8888 26 0.020548762
181 49153 171 8888 1 0.020880309
18 49153 223 8888 34 0.022927582
37 49153 123 8888 40 0.023047629
225 49153 188 8888 38 0.027201773
203 49153 125 8888 43 0.033325038
139 49153 160 8888 1 0.035001479
5 49153 3 8888 34 0.037059238
139 49154 210 8888 1667 0.042795445
87 49153 230 8888 90 0.043727252
54 49153 121 8888 55 0.045545543
240 49153 93 8888 22 0.046203417
134 49153 11 8888 7 0.047335799
154 49154 238 8888 29 0.050663108
141 49154 88 8888 40 0.053006303
105 49153 182 8888 2062 0.054763488
176 49153 238 8889 39 0.056968275
247 49153 24 8888 5 0.070436154
107 49154 55 8888 22 0.070481513
103 49153 241 8888 961 0.070761275
207 49153 48 8888 19 0.073695192
139 49155 229 8888 2987 0.074205413
115 49154 188 8889 72 0.074587276
248 49153 221 8888 2529 0.075529313
91 49153 172 8888 77 0.079439560
60 49153 197 8888 2243 0.081028855
251 49153 72 8888 127 0.082106876
95 49153 106 8888 1085 0.083982244
25 49153 30 8888 1810 0.084831601
186 49153 124 8888 309 0.085702962
16 49153 137 8888 93 0.089539741
185 49153 219 8889 9403 0.089608898
194 49153 225 8888 59 0.090410854
190 49154 94 8888 9637 0.092341845
203 49154 117 8888 2472 0.092807482
10 49153 158 8888 1227 0.096923227
89 49153 80 8888 105 0.098117579
20 49153 226 8888 18 0.104143138
132 49153 62 8889 1000 0.104546656
28 49153 37 8888 6 0.106027990
208 49153 3 8889 28 0.106664867
63 49154 153 8888 6 0.107497297
93 49153 168 8888 3075 0.108670142
47 49153 127 8888 6 0.108779613
157 49153 31 8888 14 0.109474141
218 49153 182 8889 636 0.110183331
35 49153 96 8888 695 0.112895209
235 49153 227 8889 1 0.113186928
140 49153 40 8888 222 0.120925742
102 49153 120 8889 4128 0.126893895
83 49153 163 8888 14 0.127956617
3 49154 173 8888 2651 0.128430293
38 49153 145 8888 3 0.129724839
40 49153 238 8890 2632 0.131635279
47 49154 143 8888 1222 0.135635332
144 49154 138 8888 253 0.138166446
56 49153 67 8888 20 0.141705987
187 49153 207 8888 3 0.143313145
200 49153 175 8888 2214 0.143435665
43 49153 121 8889 4 0.143759207
110 49153 248 8889 16 0.143940745
114 49153 81 8888 9 0.146393319
44 49153 109 8889 2318 0.147054580
34 49153 178 8888 2347 0.149876126
9 49153 74 8888 4572 0.149912245
225 49154 144 8888 44 0.150089070
31 49153 169 8888 28 0.150875192
65 49153 143 8889 16 0.153023375
153 49153 199 8888 41 0.156451116
178 49153 39 8888 39 0.156683985
253 49153 94 8889 40 0.157652739
82 49153 159 8888 1088 0.160196159
255 49153 219 8890 4 0.160988858
47 49155 57 8888 21 0.163140690
8 49153 237 8888 110 0.164087475
148 49153 78 8889 1248 0.169683984
88 49153 63 8888 18 0.169723931
14 49153 115 8888 23 0.171681020
77 49153 114 8888 65 0.171887062
230 49153 255 8888 969 0.172578162
29 49153 154 8888 856 0.177819991
47 49156 175 8889 45 0.180828664
111 49153 60 8888 13 0.182520439
32 49154 205 8888 1307 0.183621361
91 49154 83 8888 131 0.187053169
86 49153 40 8889 11 0.187636077
145 49153 205 8889 18 0.189104099
20 49154 134 8888 457 0.193825750
133 49153 250 8888 79 0.194679407
95 49154 62 8890 18 0.195259380
8 49154 103 8888 1 0.196847588
208 49154 7 8888 3 0.201866046
146 49153 235 8888 108 0.202697219
31 49154 234 8888 20 0.204349609
177 49153 140 8888 97 0.205585207
20 49155 135 8888 13572 0.207565260
73 49153 241 8889 31 0.208115518
82 49154 67 8889 17 0.208697254
43 49154 242 8888 10 0.221225340
135 49153 247 8888 158 0.222004906
75 49153 175 8890 104 0.222034143
240 49154 113 8888 170 0.227697506
47 49157 117 8889 2 0.233701601
195 49153 112 8888 793 0.236872807
244 49153 196 8888 17 0.237927540
52 49153 190 8888 24 0.239476588
92 49153 109 8890 46 0.240662184
228 49153 254 8888 5994 0.241874945
225 49155 30 8889 2 0.244823963
11 49153 220 8888 1331 0.245728333
248 49154 250 8889 32 0.248046908
214 49153 110 8888 43 0.250589812
198 49153 18 8888 12 0.253066192
196 49153 142 8888 15 0.256979406
43 49155 185 8888 1645 0.257713083
52 49154 37 8889 2 0.260470950
44 49154 253 8888 10 0.261460779
118 49153 99 8888 3 0.262134212
34 49154 111 8888 832 0.263847959
193 49153 254 8889 14 0.271585367
195 49154 216 8888 22 0.275402708
87 49154 149 8888 1801 0.278374909
23 49153 28 8888 1247 0.285547280
126 49153 220 8889 3 0.285590529
68 49153 245 8888 880 0.289577289
67 49153 238 8891 27 0.292171209
35 49154 111 8889 646 0.294318849
48 49153 191 8888 22 0.294819488
170 49153 81 8889 5 0.296893702
149 49153 123 8889 15 0.298835565
182 49153 133 8888 126 0.305839280
194 49154 212 8888 15 0.307929076
13 49153 159 8889 32 0.309065648
171 49153 188 8890 1190 0.310065791
90 49153 128 8888 38 0.311703797
87 49155 30 8890 12934 0.312132213
149 49154 62 8891 225 0.316799557
38 49154 129 8888 4 0.321483127
115 49155 15 8888 2 0.322052991
18 49154 148 8888 63 0.325791495
132 49154 180 8888 7 0.327195220
108 49153 229 8889 152 0.327715675
44 49155 132 8888 5398 0.328590605
50 49153 225 8889 30 0.330156348
193 49154 56 8888 32 0.330474788
79 49153 115 8889 47 0.334100010
113 49153 17 8888 5 0.336726160
153 49154 43 8888 17 0.337229464
179 49153 101 8888 239 0.337482761
24 49153 72 8889 638 0.337587305
23 49154 119 8888 4 0.337613903
35 49155 141 8888 3704 0.346431070
18 49155 134 8889 10 0.348064894
205 49153 126 8888 28 0.350050503
164 49153 53 8888 88 0.351938734
28 49154 237 8889 17 0.352441906
211 49153 59 8888 5 0.360885881
37 49154 109 8891 835 0.365953232
87 49156 227 8890 999 0.379178671
141 49155 187 8888 23 0.380066077
185 49154 39 8889 22 0.380999144
215 49153 83 8889 6 0.383063957
86 49154 139 8888 6151 0.386692799
79 49154 186 8888 295 0.387220922
133 49154 225 8890 50 0.392684768
11 49154 21 8888 8 0.392746629
165 49153 142 8889 40 0.397143560
92 49154 83 8890 4 0.402795666
135 49154 166 8888 16568 0.405584057
62 49153 152 8888 5849 0.405938799
132 49155 193 8888 564 0.407732794
10 49154 80 8889 503 0.409247146
1 49153 196 8889 54 0.410527121
20 49156 215 8888 215 0.410748674
114 49154 157 8888 5042 0.411466059
189 49153 130 8888 1018 0.412060188
65 49154 252 8888 1683 0.413752264
138 49153 75 8888 728 0.415296879
147 49153 206 8888 54 0.417479933
195 49155 40 8890 122 0.418732201
66 49153 161 8888 11 0.420867837
41 49153 256 8888 18 0.421365335
181 49154 246 8888 19 0.423634874
211 49154 41 8888 18 0.428688993
104 49153 112 8889 44 0.435375688
1 49154 17 8889 1 0.437395983
159 49153 121 8890 1459 0.438070656
56 49154 149 8889 5682 0.443041263
142 49154 91 8888 2 0.452436427
28 49155 40 8891 25 0.452604710
143 49153 227 8891 1184 0.455562798
13 49154 3 8890 50 0.461767647
125 49153 131 8888 18 0.463774269
101 49153 97 8888 1208 0.468904694
113 49154 101 8889 6225 0.481067690
239 49153 52 8888 18 0.493345300
5 49154 132 8889 39 0.494712213
51 49153 130 8889 24 0.495750720
60 49154 9 8888 5 0.498280237
248 49155 145 8889 17 0.500440797
159 49154 43 8889 499 0.501113926
110 49154 112 8890 1091 0.507600460
238 49153 52 8889 7 0.507716651
1 49155 3 8891 45 0.508159093
40 49154 96 8889 14 0.510966065
13 49155 137 8889 18 0.511997302
161 49153 25 8888 4338 0.517394291
145 49154 150 8888 1729 0.518700628
189 49154 86 8888 1348 0.520288846
135 49155 215 8889 17783 0.532618049
45 49153 143 8890 8336 0.536094951
219 49153 191 8889 368 0.538008531
159 49155 238 8892 3 0.542321337
20 49157 24 8889 40 0.545175858
65 49155 251 8888 34 0.548896522
135 49156 126 8889 2701 0.549690633
27 49153 154 8889 6 0.551210721
12 49153 56 8889 1308 0.554814118
123 49153 236 8888 4 0.554838790
56 49155 69 8888 4365 0.557349088
48 49154 161 8889 2397 0.557895098
249 49153 156 8888 1021 0.558785224
107 49155 256 8889 24 0.563039704
32 49155 28 8889 56 0.567201445
247 49154 112 8891 3710 0.571363598
45 49154 66 8888 5233 0.573096690
11 49155 175 8891 16 0.576964010
158 49153 232 8888 29 0.577682130
145 49155 220 8890 28 0.585372289
182 49154 40 8892 6334 0.586695572
21 49153 212 8889 469 0.587633732
225 49156 217 8888 22 0.589882264
249 49154 77 8888 20 0.593382068
133 49155 155 8888 100 0.595635318
238 49154 226 8889 3 0.597364618
5 49155 116 8888 5453 0.599798403
209 49153 75 8889 415 0.604496227
10 49155 195 8888 1281 0.607485787
1 49156 14 8888 5071 0.615354595
223 49153 237 8890 3507 0.620601506
217 49153 152 8889 34 0.621652784
178 49154 6 8888 3 0.624365423
98 49154 234 8889 15 0.625523994
239 49154 109 8892 13 0.627762524
70 49153 241 8890 42 0.627914888
96 49153 104 8888 2 0.629527536
19 49153 111 8890 5189 0.630047662
5 49156 124 8889 1 0.641867169
203 49155 28 8890 15 0.645552664
165 49154 41 8889 565 0.647744907
42 49153 77 8889 38 0.650683023
228 49154 166 8889 6188 0.653834495
149 49155 160 8889 7 0.655033180
143 49154 243 8888 194 0.655963268
221 49153 172 8889 371 0.671463394
189 49155 256 8890 515 0.676198877
161 49154 77 8890 12 0.680159412
105 49154 248 8890 1092 0.680864848
211 49155 79 8888 339 0.681899362
217 49154 73 8888 132 0.684395985
92 49155 191 8890 25 0.684921030
222 49153 60 8889 28 0.689563805
211 49156 38 8888 34 0.693629463
63 49155 88 8889 2 0.700515841
112 49153 81 8890 7 0.702743509
186 49154 250 8890 1297 0.703814019
5 49157 240 8888 2476 0.707567984
2 49153 13 8888 93 0.709148392
2 49154 40 8893 47 0.712582163
75 49154 164 8888 2369 0.720060230
171 49154 81 8891 33 0.728548944
85 49153 83 8891 6 0.735636737
35 49156 12 8888 18174 0.747350066
28 49156 62 8892 45 0.759208468
41 49154 150 8889 962 0.761546310
112 49154 25 8889 11 0.768378616
105 49155 134 8890 1597 0.773708677
254 49153 59 8889 760 0.774345560
159 49156 211 8888 3 0.781835505
178 49155 167 8889 404 0.785336687
250 49153 100 8888 1176 0.787756895
63 49156 66 8889 7 0.791597676
92 49156 16 8889 936 0.797842898
134 49154 67 8890 5942 0.800871810
248 49156 252 8889 28 0.804654121
142 49155 21 8889 34 0.821435462
34 49155 245 8889 32 0.830601057
213 49153 173 8889 3 0.836907298
67 49154 45 8888 4 0.837280340
30 49153 73 8889 2994 0.840375312
92 49157 9 8889 14 0.853152017
170 49154 213 8888 41 0.853925120
95 49155 208 8888 216 0.853954696
30 49154 150 8890 118 0.866358555
110 49155 36 8888 434 0.871198086
205 49154 226 8890 1314 0.872139344
236 49153 254 8890 1559 0.894303984
225 49157 249 8888 5 0.896227912
220 49153 47 8888 50 0.897533693
217 49155 70 8888 16861 0.922106950
38 49155 75 8890 20 0.923331958
210 49153 51 8888 16697 0.959834202
5 49158 182 8890 339 0.960169237
77 49154 51 8889 40 0.970827371
142 49156 241 8891 40 0.979668133